10000
-10263
-15785
-19016
-2553
3700
-237
-4685
-10809
-7840
5131
-10023
7279
-7591
-13685
-8111
-163
-8491
12677
12635
10394
840
1003
6699
-4000
-16745
-12707
10487
-12327
-1584
6148
-16049
-3798
-2024
4798
7085
176
-3355
5755
-7347
9097
-14739
-5145
-6594
-18601
-15778
10825
3002
-16576
-3377
11434
1203
8762
-2698
-7621
-5458
7813
12060
-527
-16172
5752
-2737
-13966
2886
6785
87
7988
-3918
-11160
-18069
-12317
6692
-18477
-18140
-2300
-15074
7183
2609
729
-17430
8973
1101
-3196
10287
4523
-11410
5486
-3133
-715
-193
-17686
11200
-3540
1745
-18154
6618
-1978
-7027
11266
2031
6069
3694
-14827
-7712
-15444
11948
10656
-12768
-12484
-19453
-3702
-14132
-9930
-11175
-12040
-2185
-17513
-7601
1809
-18567
-12824
-14190
-16414
124
-2626
12473
12209
-7552
-17244
4465
-1907
9506
598
-6185
3626
-5091
7984
8229
3052
1297
2789
-3695
12610
-15741
-9356
12658
-1995
2085
12376
-7771
-1471
-5032
-8705
-465
5987
4848
-4738
-12765
4979
9527
-15229
-17465
7604
2868
2443
-2062
-2390
-13779
6229
-4936
10283
11370
6806
-15543
953
5692
6382
279
-9457
11326
6171
55
9978
11995
5741
-14582
4202
12048
-647
796
4041
115
-9198
11084
5771
3189
-907
3374
-2297
-5404
10948
-13907
-379
-7244
-16458
1269
-2664
-16898
-15476
-12912
-1362
73
-17081
-306
-5403
1545
536
8811
-13024
3685
6424
5484
-3237
10301
1849
-2998
-14789
8044
6012
4690
-4375
-12470
-3227
76
-11487
-395
8109
-6565
6022
10194
12598
-19164
7225
-11058
-12732
-3534
10153
-4886
-12311
9113
-19539
7798
6081
7898
4304
-15204
-4640
-16633
-11285
-4447
-1271
-14808
-15878
-5016
-19680
-4644
11816
1080
-15390
-5308
-468
-19010
-9260
-5604
-14120
11862
-8839
-15573
-15633
-11642
-11576
-3618
-4552
203
-19235
3376
-16688
-3687
-9233
-14388
-10083
11138
-17546
-10273
11077
-12578
935
-9279
12418
6591
-5257
-15823
-16947
-7858
-19776
-12875
-15000
-7856
11905
9823
6630
414
-14208
-5399
2797
4053
8756
-10235
-16581
-16050
-8479
-1554
-4121
4433
-9979
7235
-5911
-12411
-14605
-5099
-3363
-3413
63
2564
908
-5800
-17419
1676
-19408
-15109
-16480
6673
-2223
-2360
-9239
-14749
11279
-3153
-17644
12682
-19994
-6002
-19312
-1273
-1828
-9827
-308
-2467
-7681
-12023
-19636
-4400
1038
-7969
-9989
-10131
10359
-980
-5949
4682
5249
-5277
91
7695
-3381
-8194
-18592
-3915
-3851
-5272
-13656
-16242
-6755
-8933
4563
-2938
4749
-13307
-3294
6312
-10446
-12495
-13939
-1052
-6319
10659
-3825
-9739
-4732
-4795
-17109
9388
-9601
-8649
-6935
-10510
-1174
-18570
-1172
10734
-14551
-4761
-10160
-18340
-14129
3294
2795
4871
-3858
2258
9224
691
2816
9631
5330
-3805
-18446
-14865
-11353
9891
4022
-5353
7960
-11555
8614
10928
-11180
-9647
3087
1633
6328
3577
-10025
10764
-13324
-6950
8382
4605
-6807
-3112
-3100
-7832
-16170
6094
11148
-750
7732
1502
2335
-16818
-10018
-18938
-14732
-11733
6645
-9228
-1202
6380
2563
-7652
-986
6584
-14882
6919
5675
-8557
6864
7406
-13176
-13171
-12812
-1145
-1307
-13255
-3357
-11233
304
-10655
5520
-8215
-9059
-18184
-17551
150
-11797
10320
-32
-1243
3306
-3954
-12352
-11011
-9926
-9382
2147
-10155
7643
-597
-957
-10033
-7454
11120
2980
-19747
-15003
5666
-6118
-12779
-12496
7856
-19477
-19340
-12329
-12888
12154
-10587
8175
-9825
-18920
-6784
9341
-4909
-740
-6958
9903
-4593
-14026
-9380
-11318
-12081
3584
-15330
-1692
12453
11222
9429
-11821
-17445
-16408
-4670
-2843
12634
-17779
1709
-16174
-2614
12251
11562
-12434
1019
5748
2075
-13405
-17276
-5982
5238
-17633
-10070
-9305
-12472
4170
1155
8526
-16134
6267
-7077
-6202
-12845
6763
2390
2992
-4161
-18198
6487
12407
-17073
-4656
11809
-19744
-7680
12599
12220
10722
-5184
8423
11803
-5705
4526
-17390
-517
-17101
-10206
1858
7438
-13995
-18963
11407
8537
-12516
7906
-18470
-16485
6037
-3931
-2449
-10672
-18846
-9029
1267
11698
-19023
9136
-7766
521
-1159
817
-15137
5762
-17917
12528
-6197
-3965
3569
4249
-19783
-8900
-17026
1544
5736
-2689
-761
-18503
5297
5073
-9013
-10880
-17303
-3903
-15377
-18566
7305
-9864
7365
-5821
-3444
-19310
5709
-2711
6169
-14036
7932
1313
-3102
-962
-835
10297
-3636
-2004
9782
-9906
-14768
-3433
-16052
4671
289
1145
1249
-19697
-14223
11260
-13323
11051
-19621
-16446
10327
3884
-9436
3909
7800
-11503
8156
1570
2061
-11256
-5363
9358
-4599
6799
-1716
-3429
-16695
2009
-7667
-18248
-19313
-3469
-11844
8567
50
-2521
10761
10388
3092
-1247
-893
-1230
-5293
-18352
4968
11623
-14012
-19185
-837
-5893
-4835
3589
-13416
-1683
9713
329
965
-9929
-19742
1482
-7287
9299
-1134
-3601
-63
5118
11482
-2694
-6608
-6212
3519
-5454
-17897
-8292
8353
-15679
-251
11197
-6986
4443
1521
-2799
-13385
-1120
12422
-7327
-18471
3652
-322
-15214
5631
-16659
6834
-18138
-6098
7388
-10575
2566
-11199
-2864
-11889
2942
2782
-5081
-19137
12681
6824
-10425
-15452
-18097
950
9637
8005
-13662
12416
-16781
12201
-16954
5472
-11470
11402
12081
8248
8012
9348
-7501
-235
9167
3057
-15155
10721
-7847
1480
-5760
4048
-3415
-1757
-8915
-5636
2560
-15598
-14547
-812
-6611
-9558
-17079
8216
-18734
-10335
7913
484
-13139
-2414
-5675
-12755
-3088
8885
11500
9892
7315
-13075
4888
-11811
-8978
-19447
-6735
647
579
-13311
-3871
9513
-7155
1753
-6149
-4042
-1010
-19294
-9854
5693
-10137
-1658
11593
8911
-12998
-19281
-3296
7823
-6912
1202
-18039
-14845
-338
-4155
-3668
-18141
-10971
-9189
-8265
1844
11592
-5019
1455
-18974
-3774
-9561
3482
8779
10953
4106
11463
-10497
-6849
10554
4292
165
-17735
-18491
9587
-17948
86
3362
-15357
-12669
3280
-18702
-12770
-17970
-12976
4229
2404
-7108
7303
3488
-12519
-7088
4090
8830
-7142
-14659
12189
-4844
3350
8653
-13404
922
-19718
-2045
-7018
3142
11181
11776
-9821
603
-1282
6051
-11977
-13214
8155
-8076
4047
1975
-15933
-11453
12556
-11651
-15092
-2299
-3174
-2037
10014
9186
4621
-11558
1148
4519
-13984
-3013
-4476
-947
-10889
6423
7374
-19945
11356
-803
-15273
7715
11909
-10048
-5665
-7872
11349
-7392
-19569
-4865
-6940
-7355
-545
-10995
-7677
11603
-18505
-13633
-10885
6778
-13868
-2321
-9322
-11922
3438
9735
-14623
-3305
5656
-1445
-9937
-119
-11545
6332
3553
1846
-13610
841
-9883
-926
-1943
5769
509
-18216
2193
-9033
-2622
3036
208
11101
-15896
-7072
4253
-16603
3907
-5253
4618
-13845
-14326
8982
-604
10006
-13604
-8983
-10853
10793
-12544
7590
-13277
-17515
-8719
-16269
10521
-18478
1562
-4450
-19734
-15187
10974
-16500
7857
4324
5595
5363
-13409
-19984
11632
1865
-12896
5154
-2948
-2435
2875
12529
-18583
4836
-3398
-109
2666
-3466
2700
-768
1594
-7961
7937
9923
1023
7858
-14441
-3745
6221
-15967
2683
-15395
-2917
-15966
6905
-3292
3522
9592
-2861
7103
-13659
5268
-14112
-15516
-7026
2593
3237
-16368
-2342
6545
-4709
-14177
-12517
-8642
-12927
-9117
-15952
9244
11598
11754
-5302
-3467
12224
3437
-13849
4455
3021
4825
8231
-16039
12575
7082
-11610
7496
-19376
-1699
-260
-10693
9434
-10795
-8559
-9527
9866
-18692
-13389
6106
-16590
-6739
7397
-18766
11423
-17454
-13702
-981
-10550
7625
4707
11585
-19886
3654
7380
10026
-19950
-4144
-14678
-12401
4976
-10421
7092
9022
-16316
-1933
-7278
-7453
-4141
389
-10408
-10284
10353
-1894
-9837
-17409
-10334
819
-4217
-8670
-19074
-13291
-8261
-10694
-2214
-1193
-8643
5540
-2887
-13555
8971
10511
-12233
-14954
8610
8944
-16162
6910
-7022
-6936
-8737
4483
-19022
-1084
482
-10759
6160
417
-19300
3858
7726
-5292
-11612
-18980
-3989
-15095
-6270
-10357
6079
8745
9337
-8021
-15230
-5400
-5520
-16734
5499
2070
-18816
5507
743
-30
-13262
9582
1893
-8211
-15175
-12775
-15906
-11949
-11433
10771
1465
12461
7630
-10911
5873
10711
-1768
1898
-5014
-16137
-8617
1040
-4987
-4934
10272
-10254
9697
1939
5356
-10555
4093
-3395
-16586
-9268
8054
-5662
-6832
-11744
-7982
7685
-14085
-15052
8011
1452
4553
6179
2991
1154
653
5623
6658
-8650
-16628
-1817
-14286
-4630
-7321
10932
930
-7332
-6980
-18715
-10817
12445
-11405
911
-12149
7192
673
4458
1043
-9093
-9781
-14544
9269
-8712
-17170
-16582
-12551
-16570
9588
-13152
3365
8168
-14496
-9310
-16117
9137
5836
12615
-2138
-12408
-15979
-12733
-12315
9065
-3755
-1762
-5049
5548
-5743
-19565
8872
-11382
-10700
7991
-8613
-5411
-8644
5467
-6024
-16089
-12620
-2510
2679
-1066
-3614
-3273
-16642
-6463
-10039
-6920
-8696
3250
6936
10471
-1054
-10386
10821
5142
7999
-11835
5219
-1177
-16016
9991
-7590
9473
-13482
-3673
-14790
-2144
1280
11095
-3234
-18731
-3144
-9877
-849
-9859
-7111
-15935
-13212
11641
1836
-15508
-19952
-16985
3916
3152
4575
-11247
-1336
-13076
6428
3048
-8586
7159
10918
-19212
3885
134
10784
-1198
2283
-9463
-18271
5614
1529
8050
-11802
-13601
-14296
3109
-4268
-12217
1565
-19972
-23
-19334
-15635
-17010
7281
4451
-15382
-13315
3876
9021
-4975
-1539
-5709
5651
5149
-4241
-17570
-594
-6495
-16815
-9959
-10522
6146
-2474
-15662
426
2096
-9299
7706
-17895
-1158
-1621
-3898
-13216
-2811
3628
1538
-18509
-13269
5689
11744
8426
1917
2976
-19760
-12058
-3995
-14696
27
-12117
4964
-5397
3698
-13837
-2078
5296
-19806
811
-17373
-11153
-18143
-9025
11640
-18811
-8218
-19561
12466
-9783
-13086
3804
-9873
3165
12050
-1494
3629
1394
3111
-8404
-5475
-13058
8497
-10681
-2333
5797
-13978
12175
-570
-3969
8685
-13371
-15608
12625
4847
11931
2101
-5383
-11360
1986
-436
2640
-8691
-6295
-17967
-15725
1546
-13986
8552
-916
-9354
10914
-9806
4729
816
-9961
-19534
-11875
-6507
-19531
-8272
-17569
9303
-2583
-14958
-2663
-17061
-6448
8501
-7445
-13433
-14556
-18451
-4379
-11914
-5881
9082
-3109
-17926
-8562
-2580
8880
-714
-5350
-7185
-12960
-12305
7049
-12521
198
6240
-10608
11319
-8945
-12853
-6215
-19525
10180
4906
-13463
8207
-17525
5828
-6079
-14910
1288
5835
11762
4506
-8
-5433
-15664
710
-2457
7659
9635
-6204
1077
-12650
-2102
-4902
-8555
-12980
2641
-11709
6972
9622
-16472
-13501
-13458
4264
9142
-6516
-641
-8204
12695
-15146
-9963
-16620
-16689
7337
-10904
-18445
-8333
8324
10847
-19240
-9021
4276
11450
-16311
-7897
-2915
-518
-6952
-820
3836
-13512
-1206
-15058
-27
-11638
11886
-13643
9141
5671
-3666
-8631
-13620
-14876
-11226
9837
1374
-16273
-17403
-6761
-5168
2181
-17479
-42
-4793
-16694
-6359
6149
-14980
802
9594
-7100
-12446
3268
-18218
9897
-5366
-3219
7730
-1341
12707
-16966
1022
-17531
-10200
-11768
-5955
-880
-13711
-11980
1638
-1456
-11194
5300
-9688
-8060
-14211
-7720
6818
-18529
-14133
-7600
-8618
-16018
-16423
1519
1627
2300
-15974
12719
-16045
10675
-14883
-17763
4547
-3810
5653
-13876
-15416
-8286
-11496
-18857
-9283
-7279
-9544
136
1983
-213
-10888
-2986
-9702
10916
6320
-16384
1125
7209
10804
-19583
8960
318
-19581
-984
-3955
8782
-19858
-9387
-18304
11853
9769
-4296
3283
-5732
4771
-1829
1020
-15315
-12781
-15517
4892
6887
-13101
4243
-10119
10316
-8334
11921
-5586
-6055
5893
6893
-735
-3155
-15427
-10529
-1994
-15937
-12080
-14398
2095
1820
1347
-11784
11918
-14313
-14514
6441
-9145
-19634
11720
-8804
-10620
-8177
-423
-5203
8262
-13013
-6882
1363
-8011
11678
1864
949
-5984
2048
-5781
-14151
6543
11899
7778
-19492
12365
-243
5763
5422
6520
-8848
-5643
6731
10759
-3766
-4590
7731
-46
5284
-17904
11093
-13483
1693
-7187
-6480
-18849
-10665
-15216
-8717
-17837
-4724
-13159
-14447
6999
-19374
-16997
3333
-6872
12550
6730
-9511
-17592
11798
-5624
-14575
-11385
229
2112
-4931
5319
3223
-15341
-19255
341
-17075
3874
7033
5984
3479
-14566
-1973
-2826
4590
-2290
-2871
4275
-6061
-8378
-14647
-2620
-18842
-1532
2156
-18591
10792
-6065
-5609
-3844
-19261
10361
-2328
6868
7572
-19143
3150
-3087
-7786
10608
-7116
-4386
2098
4527
12408
12113
-17831
-2311
2719
2829
-12335
1738
3015
4616
-14644
-937
8412
-7735
-9793
12056
-4337
-14315
10097
-5500
-9084
-1846
8531
-3300
4427
-9461
-19441
-9046
1170
12701
-8605
5579
-5607
8849
10800
-13141
5094
-7644
-17458
4368
1251
-5213
-10342
-5182
-17133
7668
-15799
-4078
1871
-13062
-11713
5712
2675
-1735
-6457
-8659
11961
-3059
11671
6425
12322
-18298
-6062
10680
12312
-14731
11089
-10353
-19513
-1629
2820
-3850
-6126
-7598
1413
5125
-18834
744
-5625
-10252
-13946
4914
10674
-8297
5615
-8636
10458
-4797
-14664
-13123
12338
-8396
-10174
-7091
-452
-13524
-10927
3332
-675
-5532
-14196
-8178
-8567
-15550
9993
-4467
1384
-6442
-14848
-555
-2230
1340
5350
19
-9219
-5092
7067
-13508
10481
5431
7846
-17341
1946
831
-10045
-1258
-7956
-12372
2320
5708
-1582
-14527
-5660
-14245
-7098
2882
1027
-2349
-11114
-3994
-18790
11333
-3358
-6436
-18578
-2967
-11054
-15558
2058
3251
-17446
5046
-14819
806
2236
-10856
-9442
-18579
2126
7919
-3544
-643
4227
-15538
1668
3218
9228
-10592
-19954
-5196
10913
-1237
11977
-850
3955
-590
11133
-19469
-19781
-15144
7763
-3873
-3855
2949
11072
10815
6795
-5379
6677
-8651
-14966
-17249
-18538
12222
12049
-12059
-6829
-17311
-18066
-16825
-16145
-18989
3906
3729
4610
-10491
-8279
11681
-192
-16833
-3490
7322
-17327
-5288
-18580
-857
-11837
-16263
-11034
-18975
-18342
35
-17191
1395
-16729
-5004
-8321
-18693
-4900
-5210
3380
-9505
-10792
-8273
7635
11421
-12271
9390
10401
-10110
6755
4643
-6133
-16377
-10056
1512
-13055
11882
-16897
11264
9007
-3140
-19779
10994
3354
1784
-2486
6080
4746
-17314
2363
-18238
-14267
-8668
-19649
1016
9502
-17047
8263
-10337
10286
-12438
-10006
8450
-19358
11000
6663
-6765
-15050
-7622
-8001
-19377
-18634
-19219
-5393
-19418
-15231
-16875
-430
-6236
-9536
11427
-13304
10910
9403
-12236
11787
3426
-13875
-9254
12725
9809
-10397
807
-16420
4845
-7522
12463
10672
-4899
634
10024
-16447
-902
9074
1299
-4273
-3657
-10631
-12605
-19528
8078
-16549
-9287
-7620
3857
3558
-4581
12621
3706
-13288
-2179
-8833
-3042
4803
6649
-1326
-10999
-4208
1573
10969
-3435
-5053
-2750
-484
9788
6977
1212
-16469
-12977
-4163
-11691
2327
-11108
-16293
-1752
-6700
-1790
6293
-16262
-16604
393
-9504
6711
-19635
-2259
218
7131
-17682
2872
-366
-18286
6355
11775
-5474
9862
3320
4602
-10520
-13138
7261
-1535
-6658
-1575
-19008
-15448
-11856
7171
8695
-9539
9273
-6814
-107
-10861
-17194
411
-16160
-18926
12642
-16563
9507
7866
-15332
9741
823
3826
-17014
-13797
-3508
2873
-9632
-3116
-11086
9373
11964
-4495
-3575
-14266
-6420
6548
-16958
9466
7034
-5316
-346
9829
-9759
3373
-8134
-8782
2336
-15292
8122
-10461
-15819
-16115
-5998
6471
5897
7444
-16341
-8781
-12467
-18245
-14194
-1938
-16461
-14751
-18093
-18883
-16848
-5519
6354
-18959
-8003
10509
-14216
-13866
3274
-779
5841
2520
12256
-16993
-8885
2619
-5243
11147
11069
-5492
-18336
8743
-12073
-15203
-11268
-6340
9498
4499
-3302
-12771
8442
8424
1973
-8347
-17604
10609
6744
4863
-8241
7218
8918
4279
-7653
-1144
10856
130
6516
-3446
-9609
-5037
12358
-19322
-16022
-4091
-16948
-1188
-3343
-13158
-13612
2354
-11544
6027
5059
-3480
1918
-2981
11224
-15410
-10602
3186
-6731
-3475
-18135
9499
-2172
-1667
-523
236
11682
-7718
-15208
-11554
9852
2689
-3255
9755
788
5385
2303
588
-8510
-10115
-14997
6644
3406
-10348
-6602
8866
-7595
-1402
-13942
-661
2030
6942
6611
-15465
10382
5904
2971
-4055
-9074
-12380
-1464
9494
8888
-3007
-2747
-11634
946
-3589
8850
-535
-14785
-18146
11277
8978
-2245
5381
-9466
8278
-5605
-8031
-8515
-6196
2346
-9375
-16905
-10766
11390
-2988
1430
-2574
-8918
-12146
-14996
-9437
-10059
4300
-12463
-19501
-5941
6747
-5005
-1724
-7373
-6347
-786
-7948
-6655
8558
-19043
-3295
9229
3534
-4049
-5491
-10845
2496
-16003
-16001
8572
8298
-13798
4589
-1250
-2772
8081
-5537
6523
-3841
-18007
12488
-6268
183
2013
6496
-11676
-2212
3671
5617
-16652
-11223
-19267
-101
12702
6764
-143
-8630
4981
-13185
-4427
-9404
10869
4858
-9965
-15874
-6389
-7129
-15108
820
10968
-4942
-11598
8028
5259
-8725
6068
-18807
2986
-2858
-14505
3766
298
11499
-9156
-11001
10716
-19602
-4741
11834
1466
-16712
-4300
-17015
7320
9461
8867
2880
-9128
2099
10092
8404
12558
-14853
7696
6001
-14131
10865
-4481
-5888
11524
-12590
-14710
5099
-5540
-10564
48
-16635
-988
5729
-10354
5707
-650
8000
-11791
2637
-19891
7934
-7412
4085
6066
10242
-14423
-7844
11003
-14359
2542
9961
9444
-176
-14332
1200
-4540
-6416
-8162
175
6555
-15829
1266
998
7020
-15861
11075
-17074
12101
-4729
4350
-1064
11199
-17894
10838
-5445
2725
-14904
-14039
-12195
-18518
-18377
-13401
-5948
5996
9
9938
-14459
-16009
11766
-12761
7799
-19180
-13310
-7533
7368
11893
11217
9352
4141
4941
8562
-19609
-118
12166
-11497
-17461
-601
8600
8419
10906
-9248
-4798
-10192
-12776
-13193
-7034
2177
9994
-209
8693
9400
-10980
-5098
-15222
8832
-16222
-1377
6703
-3368
8959
917
-4002
6486
-15240
-9695
-10955
-12028
6907
-19853
-2979
7259
1826
-9542
12188
-8284
10867
-15237
9589
-9725
-14379
-6631
-2670
-7154
-4395
1274
-19571
-10367
5262
-1315
-6405
7986
-19508
-6802
-13143
839
-18319
-3049
-17115
1446
-14310
-9088
-7507
-13834
6877
-2221
2596
-10232
7812
12544
9327
-3220
-13115
-6342
-2040
-5623
6136
-4408
-15571
2931
3461
-8746
4882
-8188
-10836
-18454
-639
1528
-14766
1970
-13004
-4869
-10956
-17266
606
-5753
-14925
2535
-13807
-8590
-3811
7780
10407
-12860
-7122
9058
-5178
-2601
8349
11599
-6053
-17603
-9360
-763
-4405
9241
-17794
4559
-15343
11675
-19138
-15872
8038
-4064
10080
6341
1238
11990
6509
-14763
-14774
6843
-2186
3327
-16855
-14782
5943
9194
-16565
-15059
-7101
-707
6224
-1277
-15023
9379
-13399
-14188
-1780
-17811
-7011
9989
-18159
-7536
-15143
10396
-374
5933
-5803
12236
-3675
-3476
4498
-19867
-4853
-8729
-3149
8251
-15141
2275
9478
-8678
-2090
-11420
-11123
2562
-13925
3797
2332
10535
-18894
3466
5639
-3272
-12002
2735
-8812
-7794
-9604
-4393
-7226
8359
-1813
6377
-16255
-1935
-19415
-14501
10216
12359
-4151
-7336
-358
-6542
-4164
2139
-969
5609
7603
10661
-2548
-3697
2191
-7200
-1492
-7426
-2023
4611
8386
-6525
-5900
10613
1957
-6039
1232
8565
11309
1915
-5409
-5703
5958
-7996
-9075
-19371
4034
-14183
8812
5855
-14604
5338
-17043
-14639
-19590
-9100
-18346
-2770
3674
-12246
3433
4246
-11136
-9342
-665
9578
11513
-8846
-6969
-1540
6256
-15415
2766
770
-1712
-6762
12130
10703
11143
-3451
6029
-8415
-18863
-3799
-7980
-13077
-15278
9286
7418
6773
-18901
-8698
3893
-2985
-15854
-5134
-10800
-19978
6397
451
9939
11945
-19832
4987
12001
-10719
6011
975
-4966
11282
-18806
-9931
5358
-1853
-15945
7478
-4972
2586
-17640
-14817
-9487
2808
-16677
-5894
9275
-6963
11911
-14404
3806
-8349
8580
4032
-2017
-3330
-16674
7167
167
-11693
5218
-6971
-16806
-6637
-11408
6125
-18906
9247
7484
-11781
-10262
3143
-15197
-7326
5917
-10826
12152
-18240
5043
12069
-6690
-17226
-12465
12532
3062
11149
-5723
3256
-2558
-9406
-3803
-11836
12164
9249
-18785
8273
-5849
142
-11757
-1448
-18726
8533
527
-16683
-4781
-4524
-10988
-2563
7283
7574
10058
-3752
-8548
-3655
12316
-19245
-6229
-8520
2182
-6868
-5065
-16752
5577
-10429
-6249
-1595
-2709
-18212
9354
-3094
-3776
3789
11687
523
-5192
-13032
5361
1039
-17833
-9813
-7528
-13629
8797
-8082
-18413
7194
12664
-6138
-6465
-3769
-11258
8739
-14489
-1275
-5730
-6555
10120
-13784
-13598
-300
12499
8389
12493
-13301
6014
8204
-16801
4448
-13154
909
-11144
12672
-10179
-7429
-9071
6573
-16081
11178
38
3183
7527
-6129
8564
-716
-18789
-18650
-18639
-9669
-12531
-137
-16412
8417
1996
9043
-10729
2865
11104
-10932
7503
1114
8366
-5305
10586
-12376
989
-18349
5222
3514
-13502
-8304
8103
-687
2998
9930
3445
-11858
-890
-19222
-15705
4002
-19126
4341
191
12023
-9795
4193
-5365
-18484
9147
-4086
1726
3053
11243
-9474
1934
-8270
-9160
-17278
11265
-18786
11498
-7348
8516
-713
-17347
2360
-17391
-4516
-4507
828
-18219
-7463
-12594
-14573
-16583
5800
-6044
-7165
-3108
-861
-18419
-19977
-8578
-4575
-15676
12456
-4187
-14044
-16632
10727
-16417
-13187
-13867
-18397
2663
2948
-3551
-13480
-2119
-4874
-2350
-11664
-8053
-17326
-14978
-356
-13793
-9132
-3156
-211
-8794
-16837
8746
-17915
-5779
-3973
-4879
3681
-15734
1493
-7919
-11594
-9300
12108
4177
9023
11123
-6383
-19979
10436
3030
-7599
10434
-10926
-13011
-9304
-15869
-16962
-11885
1715
-15256
10047
-11961
10300
-478
7755
429
-12384
-3474
-15038
-18559
2881
4212
-2860
-12676
-6135
6225
524
830
4549
12171
-17641
-6391
1552
-12970
-9420
6967
5878
4741
-4788
-14274
-17339
-18355
-16042
-16672
5186
9492
-12351
-13936
-2613
-12652
-4994
6108
5286
-16953
-3342
-7624
-14657
9746
-19054
-15851
-7881
5311
-5493
-4497
3998
12147
-6150
6162
-6881
-8929
9239
-1825
-15949
281
9975
-19421
-12420
-18619
2839
1036
-17888
-1411
332
1561
6455
-3134
-227
-14334
-18269
8256
10908
-16668
-15580
8586
-1640
-18017
-1241
-7386
-12013
-11652
-2593
-18100
-18186
9236
-8981
-2044
-14995
-1977
-5907
-11931
-13467
-17220
-19868
-684
-16899
-6139
-2925
749
4
956
-7835
1514
7264
-17960
878
4480
-13701
-13592
2230
3710
2622
-12377
-2657
147
2770
-14921
-18606
11795
4040
-8529
1048
-11534
2262
8385
2415
-6520
-12153
-1382
-16291
-4463
-15567
-12662
-9212
888
-15832
-18203
1655
-2255
5545
-8244
-6860
-5063
2400
-3214
10264
-13497
4424
6085
1343
-9552
-8526
-5152
2442
424
-6222
-13613
8290
-19883
-10552
-5582
-4965
-19814
12122
-5747
5007
3561
-4307
-4579
3591
2376
-19722
7759
-19703
185
898
-14003
6250
-5943
5421
-10187
3686
4965
-8857
2289
9326
-10867
-11427
4756
9831
-15306
-18977
-17706
-5572
-1378
6288
-5593
9036
-10414
8524
-15384
616
7195
-18727
-18229
-17018
-6198
11175
9730
-1199
11185
-11945
9475
-7854
-18718
-14994
8195
8643
-17543
-10457
-18273
-5666
-17506
8859
-3366
-6998
-12025
-13769
-10050
-8172
-7060
327
-14271
-9690
-3672
-388
-4829
-3014
-4474
-2337
-3052
-10686
-4601
10493
-1611
10607
140
-6141
5923
-1830
-12017
-10998
-9400
-2151
4405
-14937
-589
2518
-5309
3436
3026
-1679
-4146
8701
4808
5327
4658
-12907
1785
-14953
270
422
6258
7927
-17217
-7280
-3569
1971
-6925
5483
10253
-12808
9457
-8369
-6647
5453
-12710
-9446
10198
-10081
-3721
5312
-11484
2606
3487
-13293
12051
-4799
2724
-17708
-3426
10093
11134
5028
-17262
-11113
-4272
-6856
9712
-8598
-8373
-12497
5019
-19409
-1263
-12917
-5974
2008
8221
-8302
2902
205
-12147
-15983
-17493
-9193
11291
-12308
-3633
-14001
7107
10299
-13061
-1333
-16829
-9194
7451
-12031
-17116
-9431
11262
580
2259
-4622
-10918
5957
-3125
5972
-7780
-11395
3269
10773
-868
-19498
-18645
-11826
-2837
-12363
-9368
-5432
-11990
7344
-13941
-19864
4217
7499
-16367
-4867
12467
10131
-10086
12674
7172
4414
4708
6943
-18602
3503
12501
8004
11525
5765
2027
-18565
-19149
-9683
11542
7292
-9767
-3260
5612
-2327
-2039
-13420
-15712
4269
5906
-7642
-17962
-13073
-18859
-382
5005
-9309
-16913
-18733
-16772
7023
2045
-9583
12335
1021
-13805
-15615
1943
-18208
-16300
-12609
4378
11616
-5642
3502
11531
10900
-14666
5891
3266
-14076
1905
-12414
10395
12255
-14119
-1586
6837
-9401
3102
1997
-15262
-10315
-7
-6110
-10
-1878
-18761
11180
-15438
7327
-8758
-5727
-375
-7362
9413
-16303
-9085
3345
4699
973
-5200
-307
9945
1406
-19360
6582
-9099
8677
-18757
-19076
1899
1942
-4704
-4462
-11569
5415
-4699
-7711
2605
7455
-19780
-3913
-17470
1888
11066
-15170
-8854
-14741
2633
-17858
3873
7135
-6562
-14690
-15062
-5246
-10058
-8747
-8199
-520
-5144
-5441
2930
-15267
-4442
-12389
12415
-17727
3504
-12724
-17998
9092
1774
-13511
-208
4128
-5188
1366
-4492
-1453
6143
-1714
-5159
-16256
11942
3349
-4210
9602
10109
-15812
12683
-11971
-18783
-6277
-6515
-10647
6610
-14323
-89
-12567
2082
3050
-15132
5364
7165
10403
-7884
10616
-6207
6234
-3547
-10196
-5811
-11272
-15681
12182
2984
5204
-6186
6190
-5059
-12357
6512
12009
430
5362
-15909
-2447
-11999
6684
-18252
4221
-12832
-5837
-2117
-9780
-17141
8102
11064
-17589
-2167
-9569
4701
6766
-3865
-13096
-1885
-8867
-15853
-17997
1598
-10168
1364
-2523
-10361
1231
481
-12196
-10616
-6373
9289
-10375
5993
-16886
-504
11485
-2913
-372
-7335
-1373
-17568
7757
6988
-19603
-934
-3692
-10728
-156
-11100
8299
-1414
-15627
-2304
-19297
10227
-8940
5451
5894
-16605
-1649
-15887
4617
-19079
8624
-7064
9557
10684
-8275
8952
5269
-17121
7250
-16012
-7602
1461
9612
5137
-11476
-8841
-2796
8052
-12644
3659
-18881
-10452
4922
1790
-6503
-16643
6244
-13339
-1041
12063
8923
-9678
3384
-2314
-14467
10774
-12944
-5406
317
8838
-16312
5662
11129
-1473
10012
-15383
-2424
10760
-17883
9188
2706
-11209
496
3516
-13148
-14986
-6898
10248
-1533
-3385
-16882
-2443
3521
6342
3496
4896
9359
-8146
7483
5955
-11566
11167
-2284
8441
-3425
-12959
-11030
8717
-12834
5487
-10103
6334
783
4161
-8851
-13294
8279
6874
-626
-2522
9204
9907
-16080
-3071
-10907
419
4566
-12314
360
-15682
-3495
-5855
4786
-12235
-712
-14080
8931
-905
7471
-14049
6073
-19445
-4376
-13820
9148
8283
10202
-4692
5643
3467
-16352
-9137
11881
-17193
-9913
-5380
1605
-3361
-8197
-1390
-13990
-696
-13089
-2198
-9847
-5867
-18350
2925
12699
-1346
-8770
-6857
-17843
-15942
-4352
-18189
6405
1661
-326
-10490
-15801
-16760
103
1235
4006
1108
3721
34
-8225
-19588
-4391
8341
-5147
-14533
-13228
-13591
-5121
7922
-17049
3658
-8121
16
-2972
7566
-13295
-13007
-11710
-4220
8041
5035
6719
-12570
-16261
-15599
-7298
-16614
5452
-18277
-1490
7014
-6553
3331
2170
-6687
-13360
-5970
-6992
2760
-11176
-6772
-15368
8080
-7838
-19826
-554
6023
-4085
-4824
-17536
-19880
-12448
-16887
381
9927
-12756
8095
-5103
-1265
-4647
4092
-510
10960
9008
-2623
-18188
-6424
-11505
-10618
-18800
-12141
10197
-2278
-1189
1240
8277
-2573
-13049
3954
-15640
853
4306
7803
11219
5822
-17576
747
7105
4993
6748
-13712
8369
-11862
-18368
9085
-11468
-15241
12648
8857
-1946
-14703
-13750
7587
-13194
-18408
-14369
-9623
-13945
-5398
-18748
3047
-12866
6825
-17913
-11966
-11137
-19159
-3749
-12742
-4320
-14692
-1284
-8045
-12773
-2224
56
2588
-8430
-920
-16798
-14608
11397
-521
-15557
-14826
1862
-7841
-14010
362
-11745
-9585
-8249
2554
-8834
11663
-9550
7717
-9626
-8442
-17374
-16324
2396
11300
3586
-1092
-7488
7822
-11198
-6705
-14074
-12512
9665
-16769
-10227
-3333
-3430
11511
4837
8184
11212
-19109
-16530
9110
-12746
2274
4086
-8155
7751
3829
12477
9774
3827
11527
-4466
10211
-12647
-17150
-1513
-9700
9134
-17467
-16376
3293
7155
-14688
-11070
-499
-13179
-3645
-16124
900
9130
-7434
455
7013
1994
1163
-16538
-10578
-7023
2
-11763
8260
5195
-9947
12534
7137
-7003
-12558
-13909
-10668
6970
-13897
-11644
-12387
-17927
2845
8654
-6004
-14536
1520
7998
390
-3492
-8897
7765
-9995
-18145
6164
-8950
-2324
-1924
-4188
-3696
-6953
-11692
-9068
2969
873
719
12241
-14304
-416
1667
-19420
-15085
-16126
3184
-13788
-10240
9394
11109
5244
-4671
1478
-4627
2694
-14380
-9241
-19546
-14159
-5077
-3172
-1381
-2852
-7478
9118
7990
6243
-831
-13962
10081
3877
-16020
4432
-15577
2059
11610
6122
-6803
-4891
-5112
-19628
-8288
1961
-16662
-11072
-3549
2103
6770
10045
-15020
9493
12006
-732
7302
-1922
-4882
1310
-5074
-5047
-13144
6121
1469
-12439
5974
2151
-18211
1457
2305
-2982
-1438
-10178
-10687
7971
7850
-5951
-11303
-10054
8504
-16437
-15464
657
-5191
-4485
-9679
-4342
-13121
-19882
-13536
4867
-2110
-1342
-13889
-3401
10169
-18295
6084
8574
5530
2232
-11645
-10691
-18704
-7261
-1574
2097
-18333
-5223
-14780
-9649
-4297
-14887
6252
-8969
7809
-6192
-19203
-10535
1802
-8357
-8909
-13575
6315
-15434
-17761
4218
-18663
2091
-9416
386
-12887
-10623
-1468
-13358
-6745
8999
10783
-2690
-10630
-400
10560
-2454
-15093
6651
-4317
-3979
-19439
-2891
10706
6415
10158
6636
-13586
4263
9584
9382
-8190
-4637
912
-14576
-6228
642
-12646
3371
6625
-14415
-1322
-15110
-561
-4993
-12055
1467
-4159
8093
-8989
9685
-18194
7045
10252
3523
557
7666
-7547
1104
-5420
-15284
-309
5085
69
-7937
-13435
-11339
-2480
3399
2381
-17968
-19338
-3546
-1637
1373
4261
-7085
-15060
6567
-10481
-12679
-1847
10723
2450
-10410
-15375
-5961
1624
-18918
-10891
-14733
-8986
-5959
9663
7351
-16799
1380
8589
-6444
9574
-5266
8238
-16195
-13446
-454
-7038
4027
11039
11012
-2087
4606
-12526
3328
-4950
-16660
4747
-19204
-5652
-9787
-3090
-6327
2788
7552
-13810
10142
-14570
3825
-8323
-4051
1811
-18512
5473
-157
780
4662
-18250
8683
6210
2835
-14704
-5829
3846
-17104
-11399
-15947
-187
10486
-11471
-19641
-18274
-19968
-1255
-13375
-19741
7011
-5279
-8285
6529
-12435
-13117
-9634
-18455
1699
-19184
10218
11052
-13468
-2957
1302
-2835
12436
2190
3640
-11297
1193
7166
3093
-16387
-7054
-15308
11235
-11746
10442
-271
-13649
-4157
-6897
9917
-12433
-11047
11272
-412
5388
10127
11651
-8097
-15852
-5427
1712
-69
3431
-1941
-16395
-15989
7769
-6997
-18636
-9202
-9597
-14671
-7481
-6955
-19667
1100
-4247
6617
-10832
-13935
-7917
5326
-7223
3261
-10102
7339
11746
9438
-19021
195
-13801
-15101
3129
6297
-4192
-19302
-3299
4691
8606
8104
-13756
4198
-4100
-17835
7298
5398
-17102
4118
-10527
-19064
9115
2399
9035
8781
-3162
-18836
9176
-5174
3839
-3791
-4007
9751
-16914
4902
9591
-16381
9621
6195
-8104
-16347
1558
-17812
10336
9553
-7420
12676
-18685
7722
-13053
1614
6103
-16852
1189
4043
-854
5251
-10934
-12557
-4309
-11512
10474
105
-19660
-10127
-14701
-18618
-7319
-9803
-6554
4744
-2895
-15623
-16245
-1401
11607
-18506
993
1305
12700
-4736
-16450
6327
-17821
-17269
-1605
-13412
-938
-4351
-8024
-8226
-14595
-961
9992
-6227
-16208
2813
-1655
7485
7430
-3536
-2669
8569
-122
-2992
3213
-19014
9083
8594
1962
-12044
-5039
-17554
5426
-10943
-8654
5230
-18113
1073
1882
-7849
-17754
981
-14306
-463
-5155
-5861
-818
-15131
-19778
6697
-6403
2870
-6725
5292
8769
310
2153
5390
7446
12106
-19536
-8034
-14243
11960
10067
-4821
-19305
-10771
8807
11782
3894
6641
-117
-13490
2180
-4912
-19503
-5105
6848
4907
10949
1429
-7236
-15563
9709
-4725
11724
-19352
-7062
-1262
11398
-17519
-9946
8661
-8318
-13828
7161
12040
7638
-11057
-19683
-10734
456
5715
-11938
-469
-14237
-19777
-7019
-10106
3014
637
-3096
-13789
1644
6484
-17599
-15113
-5901
-8475
12431
-17491
-7640
-126
-16498
12207
-17068
-13265
-16318
-9611
-8115
-5536
-4475
-9362
-14503
-6344
4816
-4607
-7825
-9385
1911
-19903
-4522
-6417
4108
-12374
-15133
-14387
4370
-4381
6340
-16239
-13686
864
5638
12176
-15251
8089
-14786
-9850
-17673
-3592
-3222
-16816
-18519
8783
-12940
-13929
-16785
-16812
5324
2661
-8064
-19884
-11494
-18955
-6640
4909
-17093
11733
-14614
-10896
3393
10644
-139
-9546
-9743
-3529
-7202
-18108
-987
-4487
6666
-19107
-10176
10475
3517
-16299
-10350
-12737
6330
-15690
10663
663
-9939
-11995
-10689
8030
7276
-18700
-19336
-17813
-15488
3302
8823
-4758
1743
-15004
-3761
3161
-5559
-7931
-19942
10798
4381
-9008
6226
11117
-796
5405
-9697
-8524
11836
-16390
300
-19451
-5348
-473
-6523
10651
2491
-11425
-14891
6142
-4990
8270
9259
-315
12440
-13151
-16028
-6552
-13794
-12121
3935
7683
-17183
-3816
789
3843
-536
-14176
6803
3115
10561
6845
-7541
-15505
2245
3568
5979
9985
-12210
-2081
-11725
-8751
538
-17665
4904
11428
-12004
5888
2379
4018
10522
-13894
2367
-4430
-1599
-4081
10657
-11546
2368
-11853
-16575
-17152
846
726
-3603
-16176
-5082
-11217
10915
-17492
9924
-8797
12738
-6241
6665
1723
-2817
3224
-8112
4240
964
-7004
5713
4752
-146
5040
1863
6300
-5946
-11654
4791
-2524
-13599
-12978
2826
-4606
-4350
-19721
1067
9090
3608
12342
12593
4466
-17529
-16532
-15042
-2184
8346
-9306
12713
-15206
11092
-598
-432
2410
-2519
9780
-216
-1423
791
-4270
-2289
7611
-14721
-19827
-15034
-17859
3900
11496
-13732
-5814
-10609
-7995
-1148
11053
-9760
-2456
-10182
-9266
10874
-2030
-19246
8975
9932
-17305
-19307
3770
12072
7288
5934
5067
-1626
3891
5902
-14772
11019
8311
8077
2987
-19227
-19605
-16275
-9701
-1118
-1722
4067
-17695
-10986
-16929
636
2088
-13495
-9878
-4948
-4763
8559
-3683
-12447
-11880
-18737
8111
-1043
-7225
-19733
-1002
-9026
9848
-6746
-2890
-17239
-19301
-8799
7108
-9990
12267
-8437
-10560
-17007
-14401
-19455
-17716
-16040
4278
6724
6371
-7341
-1205
-17175
1314
-12415
-9291
-18475
6444
-5072
-14977
-9168
9006
5171
-1643
-16179
-7430
-17626
-15371
-12989
-229
5497
-12514
-5472
-15688
-4412
-3815
-3397
-17830
1420
4641
5668
-8616
3572
6049
-8821
7599
-18552
-5286
-9410
-1222
-10428
11867
-13852
11662
-10830
-15856
-3067
-14171
-17828
11725
-8049
-17161
-18969
7181
-15259
4595
4282
-4989
-6785
-10380
9481
-7333
-16666
1453
3663
-7691
-12020
-4708
8865
-8911
5691
4172
-12622
-672
12582
7705
10078
8289
10069
-5323
-13999
-10757
3930
-10267
-15578
5922
-14934
-17030
-4204
-13899
-14724
-9900
5290
-11363
-12994
8957
-5044
-18065
-829
189
-8099
-16761
11734
-80
-19651
-15367
-9331
5029
6737
-18654
-10977
-8993
11337
2477
-12276
-8964
-7440
9208
7335
8688
7175
3112
-7993
-11341
-4154
10101
-8865
-7217
-9548
-16681
-11150
-755
2117
-17547
-18545
2471
-11869
-7869
4635
-8931
11626
2745
8598
-15275
-17597
10751
-1466
9199
-5684
-13023
12504
6989
5252
-10440
-15809
-4814
-10255
1500
-8497
-7090
-18048
2714
-1840
-17285
-7740
3965
8771
-2032
-6537
-17078
-16789
-3652
5567
-7506
-18051
-9069
2579
-421
1324
-17483
-10017
-6466
-10758
8942
-889
-17135
10084
-5950
-10475
6789
-12366
-13607
-7933
-16754
-17881
2711
1107
3011
-19957
-5738
-7357
-11183
-7705
-17625
4622
-5296
-11580
-5084
-8566
-5896
3392
-9118
-6404
7003
3368
10414
-5563
-3019
4363
-18265
-19626
7323
6361
-10309
-16433
-19127
10335
-203
3683
-4038
-702
-9107
4689
1000
3340
-12077
-17132
4609
-15142
-9377
-15650
308
9673
-15968
-11458
1264
-406
-8260
9778
-10116
4536
-9971
8112
10543
8329
-13847
-337
-4069
-15028
-181
-15673
2388
4703
-3554
-4245
2017
-4012
-4140
572
9725
-16193
-9832
8732
-7143
3449
-1426
-12925
-1391
-7707
-11485
-14477
-6668
-16046
-19229
-3058
-5885
7091
5157
-5699
6879
-6748
-12541
-14004
-17166
-5774
200
2737
-13851
-12432
10124
7928
-9909
-12690
-4764
5461
-12486
3025
-10002
-17574
7784
382
6506
7245
-14048
8674
-17702
-18488
-10436
267
2581
4091
-7639
4073
-6390
-15461
-3525
-16569
1059
2268
-19657
-2427
-8788
-4999
11512
-18508
-17912
-2588
-17801
570
12460
401
-3613
-12069
-9889
-4102
-1439
5237
10911
3329
299
-2577
-1461
-18750
-10444
4760
-16912
-14261
-10942
-2379
5126
-6397
7537
7015
-4238
-19337
-5554
-9756
-20
11689
-19987
-3331
-2512
4574
9652
-3706
1088
-14870
12481
-14753
-15104
-13905
5151
-9016
-18793
-13638
-19761
-7368
1093
-12686
-3106
-11729
-977
-8890
-11541
-15182
-8470
-508
-12039
-8546
-2542
-6376
-3936
-4301
-19161
-16736
-5469
-11158
-18396
-330
5875
1742
-7924
-4201
10291
-3241
3565
-1706
-18418
8639
-7141
1393
6593
5320
-9982
5333
3720
1504
-4429
4886
-12599
-18449
-1601
-7879
-2569
8296
-14200
-5240
-2019
3684
-19929
3888
-9613
12028
1556
10464
5552
10074
-19629
-1799
728
-10055
-16650
9999
-2126
-2846
-233
-983
-14961
11384
-8289
-17672
1327
-15755
-19491
-13017
11238
-5042
2841
-4893
-19850
-3939
-9607
-738
-4872
-1435
-2652
-11623
7808
-6757
7752
-8457
9814
-3891
9335
-18200
8189
9585
-19147
-559
-11536
-7450
-53
3275
626
-19331
5178
-13652
-19847
12174
5937
-17712
4844
-2001
-3630
-3562
11635
-1071
12421
3956
9783
1840
-2899
-7049
-6693
10776
3281
-955
-19135
-16814
-3131
1639
-9148
-682
3668
10796
10200
-15834
-7047
-6086
8570
-9696
11566
-399
9418
4132
-15549
7710
-10963
6057
-16409
-2862
-6931
-6286
6465
-11024
6698
-4233
5543
3855
-3832
-8173
-8593
-2288
-10495
-13595
1674
12235
-19939
-6200
-14838
3249
-10524
-11565
-5514
-15498
2157
3638
-18516
-783
-19552
-14840
7164
3529
-13354
-13312
-6102
10311
4542
-9849
-9711
-7308
11830
-16037
-2787
-1029
996
-12851
11868
4500
9605
3673
-7234
5503
-17
-10893
6812
11631
-3138
-4329
-7991
10011
10614
-5724
-6071
12287
-13730
12650
2172
-18002
5768
-9036
-18463
2426
-8783
-4482
6769
10104
-11944
-13208
-12736
-1332
-677
-15925
8727
-370
3599
489
-1930
-19729
11218
-8663
10864
-4919
-7393
-4306
-14272
9722
-4112
-12589
1440
-14282
5124
-2918
-13624
-11104
-2718
-4626
-3391
-9196
-7128
3185
6631
8468
-3563
850
7433
-18674
1332
-5692
3398
-3436
2331
4194
-148
-19618
9544
-19594
-2661
-8238
-5334
5977
-7275
6712
-17612
1217
-3831
9754
-9441
-18027
-2287
-9216
-2305
1948
9157
-4519
5848
-6248
11730
11298
3820
6990
11799
2907
-17820
442
-3176
-18742
4481
2152
-9734
-18641
5604
-13830
-7293
-15817
9910
5661
8035
6541
-11314
10943
-11004
-14246
-9829
-8447
-3456
8029
11112
-19117
7066
-3550
-11741
12058
-2488
2945
2712
-12615
1304
-15128
-9440
-9171
-38
2692
2785
-7063
-11035
9572
-15744
8722
-2405
5999
12567
10598
913
-19720
5502
-9102
-17935
-12142
-4219
-17892
5925
-5615
4580
2625
7032
3775
7959
-11597
-8089
-1436
-4849
-2730
5402
-14549
-5076
5983
8658
3655
-10835
2202
11871
-3827
-8209
-14169
10326
11121
11419
10041
-16536
-18672
7080
9888
-14038
5250
1861
9865
574
-7301
3126
-3662
-6539
-10359
-409
8939
5045
-6176
-15923
-19946
-14893
-15666
2308
-3836
-10871
-4001
-3104
-4227
-17900
-11978
-7921
-15369
-4778
7849
-10417
2223
-8446
-6301
3114
-14320
9986
-6506
3886
1227
-9657
5766
-13153
-14589
10810
-12258
-9276
-17138
-10258
10443
-1876
3278
9098
2720
9579
12053
-7132
-4162
11963
8405
3
-17934
-8722
-19437
1284
2817
-13919
-19909
-4421
11136
2228
-13379
-3293
-5600
-2526
9682
11435
-9830
-15158
-13844
-12189
-611
-4737
12491
-18899
11446
-15704
1547
5883
-7024
1425
10270
2384
-699
54
-7567
12400
-320
-13092
9949
1804
10845
2432
4800
-17097
-864
3494
2494
-3794
11306
-9730
-1213
5329
6904
-14858
-8984
-7938
2026
4039
-64
-7974
4972
-184
-7826
-1928
11991
-17034
-12337
9171
-2677
5322
10182
-3767
2940
-546
-2587
-14807
4098
-16321
-14948
-2825
-7297
12618
3637
11588
8022
-11679
-16630
-5986
-9622
-15904
-1122
-13842
-14189
-11106
-17667
-1895
-6364
-15160
-9665
-12251
-14528
9332
12272
-17355
-19100
2926
421
1704
-3558
-15462
-11998
-15510
-4098
4411
-10420
-5201
3823
1890
11557
11643
-17717
-429
-4604
-14695
-6182
10440
2897
-18978
4727
-7118
6783
-11507
5681
-14134
-18626
6205
-14070
-5384
44
12037
3305
12260
-4619
8016
5965
9822
639
-14643
-15507
10296
-18381
-13790
6114
-17351
6287
-15272
-14835
7027
3747
4630
2850
1665
-12596
-17180
-1246
-12665
-3344
3870
11976
477
1619
1030
7449
-16121
-10566
-7074
5541
-8217
-7983
4407
12298
10033
-9270
-11079
-13792
-19726
-15619
-7065
9850
-9092
-18375
5227
-18550
-10951
-4551
-6919
-10229
-113
-19771
-10223
-18729
-8693
-16909
-946
4082
3351
-14403
-15097
-348
-11824
-9479
-4251
-17768
-18678
323
8330
-4459
9153
-15294
2276
-10753
-19111
3560
9815
-19607
7865
-19575
12033
174
-9231
7030
-7576
-12096
291
-4374
-4174
-2575
-3523
8687
-4090
-12952
192
-8980
7098
-15148
9838
8770
-14029
11986
-16175
-4498
-2497
-17788
-3719
-17286
-9658
-9941
5525
12092
-14588
7456
8036
-19457
-6363
-266
934
-18275
6740
-10676
5695
-13227
-2853
-1543
-14892
-1647
9255
-6350
-12805
9209
-14981
-14810
-8539
5017
-7428
-14861
11207
-15597
1035
-14083
-12984
-14599
1630
-15822
-7592
497
1697
-7581
-5620
4214
-1419
9333
12146
-12613
-18958
2120
5512
-13204
2439
-3113
-17613
4704
-5027
8091
9079
-6028
3069
-14974
9410
-17659
-16577
7287
9063
-3203
-11657
-16560
-2249
12155
5240
-10120
-10368
-10848
-2930
-19449
-1837
7144
-6100
748
-16506
3034
-3674
11352
4782
-13221
-15587
-2847
-4484
5160
10550
5892
-12279
-1506
-2197
6558
6265
-14493
4959
-11343
-9575
4146
-5467
6917
-12410
11824
-19262
330
-7379
-4477
-7371
1009
-17082
-13190
-2122
8618
-16828
-1713
-2877
9099
633
-2096
9617
-6547
11057
-10801
-413
4554
-8996
9670
-8485
402
-11459
1464
-18180
-8680
-7037
-15043
-5942
2022
12588
7707
-17652
-10916
-441
1940
2032
-1851
-17287
11001
-491
3679
6053
5399
10066
1433
2266
4548
-18384
-10786
12429
-15322
-15531
12678
5795
-16531
-14562
-17149
-12522
-9802
12345
-8522
-16994
-724
2943
5791
10404
-8174
-565
-9804
3507
-5595
-4563
6894
6987
-19773
6768
-17221
-10030
3411
-8081
-19344
-19748
-12201
-2373
-2963
-5548
-14926
-9710
-19664
11018
-2803
4290
-6887
-3171
-8282
-6597
-482
-12162
-2955
-17476
-240
4491
3309
-4072
-4436
8432
-16961
11602
2565
-18094
-15318
-8556
11697
-2605
-11124
-6538
-5080
-12012
-4398
9445
-10347
-2629
6613
3666
-18133
-2207
-3651
-13736
1352
6306
6854
1463
-16646
-1444
-11677
-19554
-6742
8713
-15774
-17037
-16476
-3256
11743
-5056
4320
-7697
9620
-1012
8836
-15678
-11782
-12759
12036
-11411
-1094
-15639
-5368
-40
-14511
5847
-12445
9627
970
-6809
12293
5682
-19205
6431
3687
-11248
1928
8055
-9709
5813
96
-2599
2114
-13325
-17994
-6842
-1982
-3839
-3647
1146
-13421
-529
-108
-19277
2265
-18123
-18022
1191
11139
-19592
4778
-3627
-1984
-5466
-4561
-12202
11469
-3315
8206
8632
10981
11341
-17669
-9933
-10512
-4354
-7241
-17196
468
7995
10627
11299
9485
-14239
-15654
-17918
9472
9748
607
7640
3468
-16765
6165
-16401
-797
-3378
-6885
9061
-10778
-16995
-5895
-8494
-2256
-9402
5790
8249
-18127
-11552
1602
8255
-10868
3273
-302
3006
2273
1476
10251
6566
-16982
-2376
-9570
-8464
-2181
-6666
11105
-6864
3432
-13673
-6707
6754
8821
-7365
-2408
-9884
-16250
-5630
-5992
-2903
3625
-14086
-7669
5863
-10661
5012
-6111
-16087
9469
-342
9300
5302
-3297
3630
2896
5480
-4779
-11550
10857
-9540
-6451
10653
1109
-18647
7239
-9844
-5235
-5876
-19173
-2845
-2798
-17864
1760
-7282
-8749
-693
-17190
7796
-5561
160
11532
655
-18908
-3650
-6377
-18383
-16928
9423
7997
7345
11982
2350
-16410
2901
824
-11728
12756
7156
-18850
-16147
10055
-6184
-1480
-1522
-1001
-16885
-1545
-3316
10923
-8472
9688
1859
-9028
-9774
-5629
-7351
-1701
-3291
-13134
-17795
-11210
-18539
-1309
-7657
6358
-3978
-3281
5805
4068
7967
-16284
11878
3598
-3970
2467
-4407
6087
5354
-3875
-4134
-11369
-1352
-3848
-7367
2627
-3470
-5444
-2426
8097
-103
-13363
-5875
-1753
2298
-3571
8800
-4305
1342
-18351
-9960
-16787
5727
6635
-15473
-6532
1610
-9203
5721
-19039
-6502
8511
-13584
-17488
4736
-7814
6757
-12460
-19937
-2905
-8889
-1311
-18430
-19819
-18134
-19495
-9108
-16692
12755
1708
-17344
-4237
-71
-6401
-12769
2523
3946
-3387
7785
12362
7223
11814
11618
6343
7018
-4101
11595
5778
-7719
11216
-7791
-17585
-10782
2546
7256
-10538
4178
-8293
12443
-17691
-10601
-6696
1756
10687
6836
2171
10237
-18317
126
4066
11324
-10736
158
-9534
-7264
-11877
10293
5942
-19342
7661
-18457
-4583
-19948
6561
-11540
-2070
-3005
-7315
-18751
-19971
6542
-10135
9695
2973
9267
12167
-18981
2842
-19829
-18988
12121
12180
-5407
3834
-12784
10504
2041
4894
-787
-10290
5871
-13914
-11037
4127
-17364
-11376
-11717
1428
11015
12190
-11913
-3646
331
-17499
-2906
-15090
11852
3889
-14897
-19463
-11348
-10241
-2063
-13369
-14863
1123
-10130
11162
3035
-14663
2160
507
8094
818
-2452
2188
-593
3821
-4178
-15889
-16470
-6331
7253
-15302
-195
-2538
6676
-11282
-18798
6400
-7721
-10920
4008
5167
-15962
-3644
-12413
-7281
-1087
-7777
-12261
-7630
-2646
-12015
2500
-8903
-2951
2460
-11584
617
-10812
7964
-1652
1222
-6959
7585
-17108
-2615
-6488
-6358
1167
11859
-7966
-10093
9875
-19509
9004
-9763
2433
6364
928
-8761
4396
-16924
-586
-9154
-10534
5080
-14307
-11134
-12409
-13579
-17787
-7645
-11372
11210
-9475
-14792
5776
-2545
7480
-8511
12183
-8521
-8091
-13765
9307
6217
6660
-13903
-2813
10204
-9581
7257
4393
-14852
-2989
-1372
-10459
9613
-7606
-3967
-630
-14242
-14138
-13494
-5711
2386
-19490
-5601
-4319
-13189
1084
-4420
-18848
-11076
-17981
10895
6135
6115
-1711
-13561
-6395
3291
-7331
10106
-6871
11067
-15337
-16644
10701
-6714
-8203
273
-1551
6436
711
-9828
-3047
7497
-6988
-2944
-13705
3623
-16338
6760
-4677
-2831
9776
12118
-2633
-15019
1510
-8648
2532
867
-13186
4233
-18860
-6751
-11683
-14798
-318
-3186
-16119
-2489
-5651
-12402
11490
-17806
-3957
918
-2717
-415
-5939
-9582
-17004
701
-1627
-12554
-19965
-882
11079
12162
4467
-11876
-1104
4732
-12048
1851
-7975
10372
-14418
10087
1920
-4843
380
8817
-18856
-6653
-5358
-8925
7854
-8239
12229
-15982
-5285
-7195
7749
-7952
-17447
-15988
-5453
-16359
10508
-11061
-1684
-5181
-4652
3074
-16574
-13484
2074
-2169
7662
10505
12104
2889
1775
12519
-4935
10310
5123
-3246
-19259
-17031
-17755
-15883
3264
12007
-10193
-17908
5256
-1715
-12029
7889
-16623
-16090
2602
196
9715
-7774
6734
9420
-16194
-4138
-1482
-6709
-13647
-5029
-4165
1119
-16229
11477
-1763
8319
-18084
-19653
3314
-7230
8211
1985
10601
-13527
2678
-2856
-17661
7675
-15269
2123
-18131
5862
-6000
-16573
-3191
6985
-12987
5833
-19341
2550
10091
9858
-12666
7197
-19828
-3780
5991
1442
-15770
-18256
-14524
8605
12548
-10906
2780
-4267
5571
8852
-2395
-13566
-18942
-13397
6623
2086
-8361
11683
-9901
9879
-7173
-10940
-14515
-2460
1968
8479
8672
-6083
-11094
6454
-12537
101
7244
-190
7762
-6786
5744
-2357
-8501
-13003
-8026
-11140
-12309
-2954
12097
-6946
-2239
-17733
-8874
1124
-4855
6813
-14490
9661
-19373
-15181
-15484
-1450
-4897
1143
5000
-17798
-6469
-11149
-16443
1376
3851
8357
4408
-1074
-15920
-4496
9328
-14583
7580
-519
4881
-13841
4045
-15018
-15078
-19040
-17268
-15046
-12232
-15353
9940
-18753
-4996
-17463
-3231
-3778
-6290
7859
2658
-1820
-1297
-3195
5968
9787
-7737
-12286
-9257
-7040
-10125
-805
-2732
11322
-13976
-77
-1791
10105
-16361
-3944
-845
6521
-3566
-15116
-17929
-14618
-666
7793
6239
-15497
-12423
-14603
-8966
-3479
7924
10304
8006
609
-16968
-6610
12439
-2897
-2374
-15537
-5022
-4123
10135
-16763
-3681
6866
11294
-14473
6453
5935
7058
6934
1894
1439
2220
-6848
-16556
4355
-8057
-17961
-12593
4384
-9545
-12349
12505
-5161
847
-1537
-9384
12545
9500
758
-16130
-9458
5690
-15526
-93
-15611
-14092
-14829
-16070
-9888
-15632
-2649
-16645
-4215
-6799
5886
1237
-3193
12320
-1155
7571
6249
-4458
2420
-13226
-14801
-9644
-694
2280
-18244
-1476
11714
-7597
11601
3421
11692
-3080
517
10705
3492
1017
-7871
-10364
7576
-17251
-10005
10149
-19400
-18130
3499
-14686
7352
-2123
-4500
-11021
1171
-15574
-13843
-3078
-1161
-2215
-5581
-14699
6475
5514
12086
-3089
5196
-3384
-18681
12262
1637
-13887
-13167
-18137
-16062
-1909
-1967
1350
-17224
7954
4325
6140
7031
-14824
-6152
3396
-5389
-16803
-16593
-13768
-15219
-2193
-13959
11457
-14284
7273
2253
10945
-9407
-11764
6580
12237
4802
9738
-19542
-14207
7114
-13386
-7920
2645
2167
-16788
-3859
-5124
-11249
7489
-10790
-6604
-7516
4364
-10725
9159
-1240
6333
-11819
-5742
10940
6608
4556
861
2080
10749
-18262
-10423
-7866
4840
1664
-7439
-15227
-9465
11805
8871
-4203
-4775
-9772
-4660
-14067
-2084
-12455
3282
-5788
12587
11286
-15226
8141
11503
9402
7448
12396
-12469
-6199
-19
4056
8065
6393
-16599
12541
6598
8784
1780
-13964
11316
-10863
526
7177
-7119
-15844
-1873
-1089
4391
-939
-7959
-2104
8901
12607
-19059
-14702
1185
-17415
-422
-8985
-3229
-4105
-2462
-12223
-19617
-824
6517
9508
-18526
3958
2623
-15738
-11906
10268
-10015
11047
-2021
-5054
1566
-19150
12233
6490
-9610
-12600
6638
6998
7429
6671
11302
6457
5034
-7671
-6435
-11754
-17019
4417
2786
-4746
3457
-3208
-10496
-2801
-6629
445
12602
4743
836
2435
-943
9845
-10707
-3894
-18201
8741
-15012
5076
-16064
8891
-17215
-13666
-4956
-9868
-3734
-8231
6727
8130
-8402
9920
7740
-4578
-18266
-8936
-19943
-18325
-14222
-10664
-16919
12758
-1317
857
-1524
-17572
10935
-17424
-10976
11581
11308
-12037
5997
6247
-72
5495
4569
-15929
-5904
7176
-8006
12711
-273
7646
11339
-4108
-13956
-12582
5803
-16533
10070
9206
-17352
8710
-16693
-18272
-5464
1580
11831
-10243
-21
-7005
-1536
-9651
-18832
-14494
-6926
-11940
5436
-16451
-16955
-4469
2671
-7727
7747
8275
5867
-3098
-14933
5203
-3933
10337
-17660
5190
-19482
-15333
-10411
-19275
-16057
-17449
-9886
1982
7077
10030
585
5395
-6703
-11310
-2611
-16908
-12224
8243
-17146
7416
1169
-2199
-19293
7623
12717
11770
-8376
11818
-10032
5101
-4451
10352
3366
-8108
5241
6696
-7882
-4573
3389
-7616
-5567
11856
-4748
-14436
-18268
-5085
-3889
1539
-6671
2406
-16851
-6699
10778
11749
6255
-1404
9439
9371
-19837
-877
3318
-3514
6054
10757
-11392
326
-15405
-1858
-10756
-19145
-11122
-7925
1783
-18309
-5690
-19121
-7769
-6091
-14213
-19050
1131
-754
6833
9283
-9056
7914
12314
-6702
-2942
-3345
7392
-2541
-19475
-8468
-18494
10460
4208
11213
-10393
-10536
667
-6596
5899
51
-6672
-10930
-10013
-311
-13806
1142
-9685
-14009
1007
-6475
10567
11160
-6530
-12180
-7632
8172
10380
-18330
-485
-18972
6844
10121
-11899
-15528
-11933
6826
-13290
-13251
-7176
-8390
-6271
-7306
-6054
-13547
9781
81
12277
-8558
-3124
990
2968
5900
7594
-10037
-333
10448
-4529
-15033
4615
-3317
-8792
-17207
-16732
-6783
-14259
-15436
10319
-4225
3739
6192
-18461
4072
-8914
-15022
-4813
-9728
11723
-5906
-16810
-14377
-3179
10059
-1975
2738
4468
9825
11781
8365
6398
1626
4110
-16501
-14983
-14353
-12416
-5915
-19044
5097
2890
9931
-2355
-5916
-619
-10613
6025
7565
-18378
2828
-4277
7354
-2919
-16279
-14617
2322
-11328
-49
-4963
-846
3242
4360
-14260
-3622
-3632
-1024
-152
7124
8916
-16148
-19183
-1143
-11043
-15782
-12703
-8093
-14308
-918
-12963
9459
-19969
-12829
-11422
-14368
-5606
-17563
5438
7600
6109
10365
10261
10797
-1375
8499
-16554
-6624
7010
-8733
-6409
-17257
1214
-19599
11122
-10057
2909
-19266
-19895
8317
70
374
9263
-7408
-15453
8377
4787
-12712
-15769
-13197
-11636
-18695
8915
6067
-9066
-9758
-3582
8662
-4945
-204
-2473
-7704
11418
-7934
-13202
-16657
9721
5334
4372
-12089
1947
2240
-9717
9120
-19919
6525
-5171
-10062
12601
10735
-9955
-8431
-19346
10629
11761
-4923
4592
-5202
-2010
-6831
1798
-11800
8703
11114
7748
-7213
408
-15651
10215
10108
-15363
-8283
9503
-12785
-8424
-8029
-2691
1071
-13260
-408
-5695
6563
-18640
-8084
-3011
2730
4213
7087
-19024
-9073
-14277
-6254
6379
-3213
534
-596
-12837
10281
-19840
11037
9550
-7936
-17911
10690
-13178
10016
-15212
-15710
-5465
7700
-14788
-17477
7691
6881
1311
12662
-16868
10498
-12858
-866
-19041
9010
5414
-15884
-9346
-2254
-11635
-16696
8738
-10462
-10898
4949
-17105
11041
7226
-8236
-18107
-15005
2087
-18121
7299
-464
-10726
-14723
6492
2039
9983
-1133
-11708
-11111
-9418
-7605
1931
-19087
-3110
10978
-11409
-15781
-16567
4625
2034
595
-13544
9533
9441
-18070
-14240
-7941
1317
-11414
-5570
-13564
-1443
-3326
-15880
921
-6242
-7291
-12321
-1678
226
43
7968
-9258
5856
6254
10542
-4512
-11930
1458
12581
-16970
11924
-17162
3535
-8873
1759
-3840
-16703
6365
-1406
4632
12402
5634
5031
259
6473
12539
-11898
-14687
8302
9032
8400
5456
4774
8466
-585
-3524
-13523
-2687
-3257
-7654
-1849
7682
-1412
10427
-17988
-4106
2860
-8939
-8910
782
9836
-19996
-17040
9440
-11129
8304
-28
-1765
-19604
3210
-13668
926
5908
-19278
-3259
-11531
-872
-165
3818
-1964
8708
10391
10658
-14040
8149
-15592
-12941
9733
12306
-16845
6694
4541
-4780
9581
9915
-11501
5071
-8202
-6943
7340
-9836
9660
6294
-14680
-15119
-18932
815
-6019
-12441
-3504
-2505
-16223
6564
-16151
4317
-1620
-2195
-12532
-7843
2198
962
4075
-15912
12295
-12274
-12075
1174
-14963
-19285
-6573
-7802
-10278
-19515
-5306
515
3975
-3289
-1937
6896
-13504
-8596
2093
-13630
11110
6269
-13407
3248
7421
-5745
11091
2055
-7651
-16197
-9229
3615
9626
-19444
-3679
-17941
-12042
-14081
-7566
-5278
-12630
-14908
5849
-13670
-17846
1786
1492
2472
-18122
-6694
-17984
-2366
-13932
9338
-16101
-5827
-2949
3778
5882
-3762
9832
9483
-12099
2947
-324
-278
-11388
-4555
-933
-15029
-15260
-8281
-15706
-1723
-2128
-2153
-17110
-1207
-4304
-15334
-3409
-8421
-6753
11115
-10261
-1293
-3660
8597
-1418
1913
-6681
-4260
-14451
-12780
-16373
-1774
8047
-657
-8235
-19362
12487
-14864
-5281
12014
7233
6648
-14672
-1231
-8013
-10090
-12254
8742
9560
8755
-8130
-3976
12710
-5256
3532
-4089
9184
5674
5621
1658
-10385
-13387
3429
12538
-13132
-17071
11017
12041
-2681
8300
-4842
-11031
-13627
-16915
-19669
-13440
-13777
602
-17171
-14115
-4489
6590
8407
6445
-12811
-15825
-3958
-13298
-15913
-18723
-1703
12276
-1260
-5654
6071
-7666
-61
2218
-177
257
-16902
10255
4418
7
-6989
-5113
-6476
-11747
387
-11613
-6979
-3150
-18949
-6766
785
-7728
438
12144
-5219
2485
-7661
-13320
-13640
-11952
-2133
-19355
5191
544
-7930
6194
-12404
-13933
5930
-6258
-14759
283
6017
-9364
3845
-2014
-5310
6129
2918
-18615
-19896
-427
2819
-9557
8861
-12339
-7513
5445
-13162
3196
6927
6526
5947
2497
8940
-3226
-17481
-16073
-19663
-8967
-11605
483
-14590
-19394
-10250
-10715
5117
-12206
6790
-7742
2928
-15807
12172
161
6127
-3565
1140
10262
-19125
-13299
-12656
2071
-15266
8053
-15930
8178
6028
-19326
4426
8776
62
-5189
-14920
11807
-15166
-1086
-6471
10364
7531
-14737
11745
-16416
-13682
-5132
-1413
-1477
-11441
8522
-15069
9196
3460
-12267
-19930
398
7948
4835
4868
-11673
10961
8116
-13292
-16821
8645
-10580
12452
-16600
-18554
-19378
8620
-11515
-12822
-16432
4349
7605
280
2296
433
-16595
1522
4457
-2736
-11988
-13043
-17986
-6497
-12632
11658
2281
-11336
11951
-16434
-9503
-10003
11629
11898
-4594
-10123
6587
-14612
-11008
-4167
-291
-5898
2248
5758
-18
4759
6559
-10180
-11042
-14163
-606
-16344
5008
-5669
2509
-12894
-4557
-7770
8196
3440
-9919
-7042
4285
3902
-19938
8128
10745
-542
-5416
-5993
-6806
243
-18359
-9932
11937
-7556
-11147
-1558
8681
1686
-19520
-18175
3635
3303
-6238
7645
-13776
-8882
-15228
-13476
-6443
5146
7724
-17070
-13018
-19001
-3640
6554
7976
4768
-11809
-7834
-5641
-956
3344
-8059
2643
3518
-10811
-13679
-19296
-6001
-14563
-1472
-17608
-12857
-16726
-18558
-9500
-19028
-13697
178
4991
-16233
2584
-13773
3013
-17715
-1039
4476
-17694
-7731
8232
-18828
9432
-10547
-526
-8787
-1864
-2546
-9450
-1135
-18598
-19728
-15263
2657
-13224
-2054
-11753
-13067
-9747
11966
8143
5628
-11735
-11936
-11964
881
6161
-10581
-1866
-12895
12109
2417
-9155
-7136
8144
-18909
3254
-9265
-4120
-7322
5575
-7675
-19264
-10202
8162
-7404
-14676
-1365
3079
-2363
8541
9868
-2103
-15514
-6788
3225
-3258
-2274
9929
-19363
-3288
-19226
5948
-11337
-14474
-9892
-15575
-15649
10909
-19550
8174
-10741
-9593
-11416
-10291
12576
-10622
8895
-16243
-19572
-15381
-17307
-6877
4255
4366
-18658
6280
-2549
9792
-875
-6299
-1861
-9253
2721
-8942
6385
8378
-15009
-18004
9798
-12088
10435
-7940
-7229
1751
-5983
-5928
6228
8593
-11154
-12294
5792
9282
3555
-10990
-7009
5814
-17370
-7603
870
-8607
4879
-7468
11780
-11993
-743
3812
1714
5211
-10329
-8440
-18041
-14419
-19018
-18485
-8389
-1904
-3182
3000
-13001
11719
-4236
3708
11032
9163
-2442
-12062
-8271
-6689
8254
-17649
-5190
-18088
437
1749
-6527
-12611
-5401
-1176
12596
-12427
-18390
1696
-1702
-17721
-12833
-7700
884
-2879
-13471
-2182
1988
2899
10107
-4357
3199
5376
-14157
-14420
12559
-1091
-476
-2674
-1079
-11828
-7312
12459
7384
4313
-11253
8133
-11362
-15279
3059
-4976
-10723
-5930
4646
-6948
-9733
-6330
-4850
-17762
-3947
-17942
9901
-3667
5658
-14851
7495
5406
-5710
-10659
-19179
-19803
-249
9183
2543
-10585
-16972
804
-9091
-14553
2043
-12341
-10518
-6656
-19474
8001
-14114
2165
-17173
-4884
-2965
384
-6741
608
-6320
324
-7714
3587
11983
-10336
-15327
-6781
-8355
-8258
-1668
-39
-698
-11755
-9151
354
-4419
-9885
-6010
-2789
11054
-4221
4035
-1892
-7096
6007
12215
-9516
-8245
-6381
4065
5624
3290
11440
-4769
-3785
-17375
-14531
-11059
-8210
12614
-5980
-8179
568
8118
9132
2341
-4411
8723
-19516
5555
10741
-12396
-15041
-8805
-7776
690
6858
6281
-6813
9216
-11686
-13878
2988
-7692
-12450
-4794
-8828
-4261
4310
4927
-10042
-11250
2649
-1880
-2431
10118
312
10390
-6895
-6132
-18777
5332
-14985
-10387
-14950
8150
12300
-17639
-8810
1821
960
8777
7089
5516
4967
5360
5050
6929
-18012
10256
1679
5433
-19335
254
-14881
2038
-8849
-4185
-5258
9421
963
-4434
-9388
692
2821
-7945
5181
1161
-9987
7269
3528
-19106
9111
-13343
-11963
4572
7742
7791
10219
5352
-29
-19189
-12424
-18714
-14896
3127
-1106
-6357
9674
5447
7101
-12621
-7540
5346
-2050
-12862
-14632
-15006
-15981
-2048
-3717
12021
-10313
-8941
1091
-8537
-16280
3941
-2071
-398
-602
-11918
-10330
3171
-13759
-19181
-5924
-16648
460
-10091
-17064
-13491
1839
5479
-7502
12073
-85
-9578
-16718
2392
-1348
3741
2130
4470
-18106
7211
9463
-18985
3122
-486
-12007
11872
-7568
-18812
11694
-8154
-18299
-12924
-14633
-13040
11609
-7471
-17444
3859
-9639
-13832
-6600
2278
-16869
-3424
-17065
-6087
-14607
11422
-11447
169
-9454
4135
8228
11753
10520
-18427
11848
-834
-15442
-3180
-15696
-19931
8664
-9412
3465
-15645
10966
8909
-14771
-15754
-6512
-10570
-16811
-18701
-2150
-13493
4026
-15716
11606
5946
-314
11815
-9816
-5618
3949
12110
9381
5600
-16562
6771
-13207
-2235
-11352
2574
7393
-14182
1113
-5817
-5349
2676
-9769
-12392
-16884
-11974
-10541
-16826
109
7280
808
-18361
-6531
4337
2677
2708
-4124
-4535
3404
-2076
-8534
-419
3106
8550
-10667
2052
-19086
2533
-13885
6200
-3685
-18469
-11052
10079
9611
-19693
-2556
8072
-4825
565
-3079
-13359
-17134
-16796
-16131
4698
1814
5215
-1989
-269
5013
11215
-14097
-2893
-19471
2762
-3085
10997
10053
6920
-10997
-7472
-11514
-5741
-12034
-18367
11988
-8299
-7462
-8287
7088
-12213
-7865
-12452
-9809
-10768
1196
-4632
7450
677
-8806
-10389
2996
7202
5774
7974
10354
1769
-17124
7870
-8938
-6012
-7607
4728
5217
-10635
-1217
-15233
-12623
7404
2452
-5086
9828
3255
12257
7117
-9451
12102
-5369
883
-19002
4562
-380
-2470
4258
-16234
-13108
-8736
-14174
-1345
-532
5581
-8159
10411
42
1103
-3442
8085
10669
-628
-1430
-4722
7510
-8427
8326
6743
-17433
3544
2324
-15660
-16880
4534
9957
-10652
-9104
10333
-14093
-18114
10146
-19081
-17537
-12358
4712
-18072
4627
1444
-9365
-6362
368
3088
-5653
-1891
12141
3897
1042
-8621
-6315
-4636
-91
9346
2107
-15656
-19869
1069
-14298
11546
-230
-18610
777
1540
-16127
8428
12693
11639
3133
-5668
7470
2033
7540
-8500
-16427
-4621
-6879
5973
-5338
-11983
-6889
-19644
-10412
-1334
3298
-16766
-18814
-551
-7457
3942
-4356
1181
753
2557
-18315
-15064
-4629
-4641
348
4919
-18910
-13417
10746
6733
-3329
-8234
812
6668
2806
9447
-5382
3901
-6031
-12658
-17411
-2675
-14504
7688
12657
12346
-13695
-19786
9222
320
3160
-2294
-13498
7563
2631
-11724
-3637
-4065
-5578
3751
-11418
-3997
4971
-14007
-7169
10646
-11783
-17386
-10773
-17229
5620
8728
-19480
8692
7947
-8462
11880
-11221
-2112
-19133
-7449
-12428
-4538
-4527
-1319
2233
-1955
660
12131
1998
-3526
2077
-13030
3856
-18772
-17617
-2581
-14668
-13129
-19311
-16514
8393
-15049
-1429
-9344
-15554
-6066
3427
-19094
9361
2456
-13694
-7817
-11667
-10947
9763
-10204
503
-14066
6822
-795
-2495
-1455
-5018
8032
-18442
2239
-9773
-16310
-4548
-1361
1950
-17697
-5679
1718
-12827
275
10314
8079
-1698
4804
-2735
-18721
5703
11461
10329
8415
-14500
2703
-6294
-4620
11198
3853
-16005
-417
-11465
-4070
-18080
-16277
-18912
-859
-10280
-18869
837
11280
-9936
-19030
11679
-19772
-9035
-3725
-5694
-11911
-18917
-18414
-9973
-16264
1700
-6510
-17080
-12163
3567
-11650
-14646
4259
10260
-13520
-16831
-4856
-7753
-6981
1450
-17027
-5387
9181
6157
10580
-2261
10271
-14390
2911
-5551
-9187
-17681
-18984
4722
6775
4189
3705
6064
-14184
2732
-13920
495
9071
-13472
-10958
-19011
4846
-8837
10985
269
-19899
1701
-13506
-19812
-14875
1431
-18867
-133
-11789
-12108
12644
-1498
-9860
-12474
3072
-15265
8557
-18577
-4392
6532
12089
473
4335
-2463
3612
-17407
-19139
7721
-255
6191
-16143
-5573
-17443
-2582
-18967
10119
-14909
-12359
11
-6422
-3991
3785
-7296
-2940
-2064
-9226
-16513
-56
-13650
8429
-9336
3360
-6101
2466
-13038
9881
7616
-10317
-762
-10763
-5852
11155
11912
-13232
1372
-9766
571
1542
-12106
-4479
-10288
-16478
-19108
-1970
-13065
-8820
9967
4604
-12006
929
4497
11174
-12085
10502
-17219
-753
-729
-8184
-10060
-8253
9764
4740
-10165
-13835
-16155
-1670
-7594
-9031
12218
6890
7154
-15490
-19037
5831
7864
8839
-5672
-5262
-16636
-7269
-1767
8127
-2833
-6923
4011
7848
-629
-11838
1320
4799
-18556
-13217
-4114
1553
2983
915
8117
9683
-4917
10576
3717
-12610
-6743
-15953
-16797
-16298
-14392
-3502
-11050
8609
11884
-525
-172
-128
-17377
-10793
-12318
10844
9870
7880
154
2257
-7257
-17862
-6325
-15289
-17508
2958
-11066
8186
738
-9087
4651
7022
-1831
-2536
-18801
-7784
-3314
-8518
-13059
-3874
-17688
6105
10700
10152
-3537
-12990
5622
-2158
-5413
-11805
7118
-17418
9242
7423
8478
1640
1569
6612
9045
-8776
-3876
6123
10534
-7561
-5639
-13489
-15984
1068
4832
-14309
-13056
-15501
-24
6978
1197
-10573
-19522
-5766
-12511
333
6739
-2610
4133
7952
8098
3071
-4789
346
-11075
2203
-17317
-6464
-17517
4674
-9428
-610
5113
-5944
-11159
-437
-1660
7772
-6978
-14199
-16960
-5117
10357
2722
5632
-11992
7601
-16106
-8588
-14236
1977
4801
11667
10417
9122
11885
5610
-3705
-5275
2982
-12191
-16665
-3249
11648
-14855
1682
-5405
2210
10339
-15401
4165
-12479
3456
-1854
-10448
-6838
-17156
-2145
4613
4834
-18332
3967
-7559
11564
8449
-4703
10156
2405
1136
5258
-3960
-15924
8307
12447
-4152
-17312
397
5279
-16214
-10610
11368
7095
-14624
-16515
-19304
-9948
-16940
-8592
9320
-1518
-16881
-3301
-2341
-16502
3097
-19254
-14072
-2805
-18261
-11513
-8079
5887
466
-9039
7207
-3313
-11288
-12194
-12563
-6165
10133
1987
-2590
-1281
-13583
-14235
2656
-17416
443
805
-9520
10566
7801
-17098
3121
-3443
-15205
-15420
6539
-124
-9105
-11379
5807
-11463
-14175
-16910
-18497
-15100
-341
-11902
-8891
-873
3764
7909
-12313
8629
10116
-1398
-9103
-14828
-7369
6979
-1591
-557
-18024
-18697
12090
-1082
-749
-4214
-3200
-9664
10970
5988
3271
-15792
-17999
-10539
-17216
-17048
-10230
-16844
-19593
-14113
-5585
-14955
2446
-16746
-11689
7539
3123
-6612
6594
-11758
9834
9528
6721
-2051
