10000
12764
12763
12760
12755
12753
12752
12746
12745
12744
12739
12736
12734
12732
12730
12728
12727
12725
12722
12721
12719
12718
12713
12708
12707
12706
12705
12693
12691
12690
12689
12681
12680
12678
12674
12673
12671
12665
12664
12658
12655
12653
12652
12650
12645
12643
12641
12639
12626
12625
12624
12623
12621
12616
12615
12614
12613
12611
12607
12606
12602
12600
12593
12592
12591
12590
12586
12585
12583
12576
12575
12569
12568
12557
12555
12552
12536
12530
12525
12523
12520
12518
12516
12513
12512
12511
12508
12505
12504
12493
12492
12491
12487
12485
12483
12479
12472
12471
12470
12463
12460
12455
12446
12439
12435
12434
12423
12422
12417
12414
12410
12406
12401
12398
12390
12387
12385
12384
12379
12376
12371
12368
12364
12359
12352
12350
12346
12340
12333
12330
12329
12327
12326
12322
12319
12317
12306
12304
12303
12300
12297
12290
12285
12283
12281
12271
12269
12264
12258
12255
12253
12246
12245
12243
12242
12239
12238
12237
12235
12234
12231
12228
12225
12224
12221
12219
12212
12211
12210
12206
12204
12194
12189
12187
12184
12181
12178
12177
12173
12166
12165
12164
12163
12161
12153
12151
12148
12147
12145
12136
12133
12132
12126
12121
12120
12115
12107
12101
12100
12094
12082
12081
12079
12067
12062
12061
12060
12057
12055
12054
12051
12050
12049
12048
12045
12044
12040
12039
12038
12034
12032
12030
12028
12027
12022
12020
12016
12010
12009
12008
12007
12004
12003
11999
11998
11993
11992
11986
11981
11979
11977
11973
11972
11960
11958
11956
11953
11952
11951
11950
11945
11943
11942
11941
11940
11933
11931
11924
11923
11918
11917
11916
11901
11900
11899
11893
11892
11885
11884
11873
11868
11867
11864
11860
11859
11857
11853
11851
11850
11847
11835
11832
11831
11830
11829
11822
11820
11818
11812
11810
11800
11799
11794
11791
11789
11784
11783
11782
11776
11774
11765
11761
11759
11756
11749
11745
11743
11736
11729
11724
11723
11716
11715
11710
11707
11706
11704
11703
11702
11699
11698
11695
11684
11681
11674
11669
11668
11666
11663
11662
11652
11651
11645
11641
11640
11636
11635
11631
11627
11626
11623
11622
11621
11618
11611
11607
11606
11601
11600
11597
11593
11586
11580
11579
11578
11574
11573
11567
11564
11561
11558
11557
11553
11545
11541
11534
11526
11523
11519
11518
11515
11514
11512
11510
11506
11505
11500
11499
11497
11496
11495
11491
11482
11481
11480
11479
11477
11475
11472
11465
11463
11460
11459
11458
11457
11451
11449
11448
11447
11446
11445
11442
11439
11435
11427
11418
11417
11409
11408
11406
11403
11401
11395
11393
11391
11390
11389
11385
11382
11381
11378
11371
11365
11357
11355
11353
11351
11349
11344
11342
11340
11336
11334
11332
11318
11314
11309
11308
11303
11300
11299
11298
11294
11292
11289
11288
11285
11283
11279
11277
11275
11273
11272
11269
11265
11264
11258
11257
11255
11253
11251
11247
11246
11244
11234
11232
11230
11229
11224
11223
11222
11220
11217
11215
11213
11210
11209
11207
11201
11200
11199
11189
11183
11182
11176
11175
11174
11173
11170
11165
11160
11159
11156
11155
11152
11151
11144
11141
11140
11139
11132
11129
11125
11121
11120
11118
11117
11115
11114
11112
11108
11103
11099
11097
11093
11092
11088
11085
11076
11075
11074
11072
11069
11064
11062
11061
11058
11055
11048
11045
11044
11041
11040
11028
11025
11021
11009
11008
11007
11005
11002
10993
10988
10986
10984
10979
10977
10976
10975
10970
10967
10965
10964
10963
10962
10952
10951
10949
10944
10941
10940
10939
10938
10934
10932
10926
10924
10921
10916
10915
10914
10911
10905
10902
10901
10899
10887
10882
10879
10878
10876
10875
10874
10873
10872
10868
10866
10865
10858
10856
10854
10851
10847
10843
10842
10839
10838
10830
10829
10826
10824
10823
10820
10817
10813
10811
10810
10805
10804
10802
10791
10789
10787
10783
10782
10781
10777
10775
10773
10770
10761
10759
10755
10753
10749
10745
10737
10729
10728
10725
10723
10721
10720
10711
10710
10693
10688
10682
10681
10677
10675
10674
10670
10669
10667
10666
10665
10661
10658
10654
10652
10651
10649
10648
10634
10622
10621
10617
10615
10614
10613
10609
10604
10603
10602
10599
10597
10595
10594
10593
10591
10589
10587
10586
10582
10581
10574
10567
10565
10561
10555
10551
10549
10548
10539
10529
10528
10527
10526
10515
10511
10509
10501
10499
10492
10489
10488
10484
10480
10479
10474
10472
10471
10464
10463
10460
10454
10453
10451
10444
10442
10440
10437
10432
10428
10426
10425
10421
10416
10415
10412
10405
10403
10398
10397
10393
10391
10385
10384
10380
10376
10373
10370
10363
10355
10354
10352
10351
10346
10345
10334
10333
10332
10330
10325
10323
10322
10319
10318
10317
10315
10311
10310
10308
10304
10302
10300
10297
10296
10291
10285
10284
10275
10274
10273
10271
10270
10264
10262
10261
10260
10254
10253
10251
10250
10247
10243
10242
10240
10237
10235
10234
10232
10229
10228
10226
10223
10220
10219
10213
10204
10202
10197
10191
10186
10185
10177
10176
10172
10170
10168
10165
10164
10160
10158
10156
10152
10151
10150
10149
10148
10145
10140
10139
10135
10132
10130
10129
10127
10126
10120
10117
10115
10114
10112
10105
10103
10100
10096
10092
10085
10081
10078
10075
10073
10070
10069
10068
10067
10066
10065
10062
10057
10056
10051
10049
10046
10045
10043
10039
10038
10035
10034
10031
10027
10024
10013
10010
10008
9998
9992
9989
9982
9980
9979
9978
9976
9971
9963
9961
9957
9952
9950
9946
9936
9935
9934
9933
9924
9921
9917
9914
9909
9902
9901
9896
9893
9890
9889
9883
9882
9880
9876
9873
9867
9864
9858
9856
9851
9850
9848
9846
9843
9842
9841
9838
9836
9831
9828
9827
9825
9823
9817
9816
9813
9806
9802
9801
9795
9791
9788
9785
9784
9779
9778
9776
9769
9765
9764
9762
9760
9756
9754
9753
9749
9744
9742
9741
9739
9737
9733
9732
9727
9725
9722
9720
9719
9710
9705
9704
9699
9697
9696
9691
9690
9689
9686
9684
9678
9675
9673
9666
9665
9663
9656
9655
9653
9652
9639
9636
9634
9632
9631
9625
9618
9614
9613
9595
9593
9592
9591
9587
9586
9584
9579
9576
9569
9568
9567
9561
9555
9552
9550
9549
9548
9541
9534
9532
9526
9521
9519
9517
9516
9514
9510
9509
9506
9504
9484
9483
9475
9468
9461
9460
9458
9454
9453
9451
9449
9441
9439
9437
9432
9430
9429
9426
9420
9415
9413
9411
9404
9403
9402
9397
9393
9384
9382
9372
9368
9364
9363
9360
9359
9358
9345
9344
9343
9341
9339
9336
9335
9332
9331
9329
9327
9322
9321
9319
9317
9316
9306
9304
9303
9302
9301
9300
9299
9295
9294
9292
9289
9288
9283
9276
9273
9264
9263
9261
9252
9248
9243
9241
9240
9239
9235
9232
9228
9222
9218
9214
9213
9207
9196
9195
9192
9184
9182
9179
9178
9176
9167
9166
9162
9159
9151
9143
9142
9133
9126
9125
9123
9122
9121
9120
9119
9118
9115
9113
9108
9101
9100
9094
9080
9076
9074
9071
9068
9062
9058
9057
9056
9054
9053
9047
9045
9040
9037
9035
9033
9030
9026
9023
9017
9016
9011
9005
9004
9000
8999
8995
8992
8985
8982
8981
8978
8967
8966
8965
8964
8963
8962
8958
8955
8945
8943
8941
8936
8931
8921
8920
8913
8912
8908
8905
8895
8883
8881
8880
8878
8875
8873
8858
8857
8855
8854
8851
8847
8843
8842
8839
8836
8835
8828
8827
8823
8822
8816
8815
8808
8806
8791
8788
8787
8785
8782
8781
8780
8776
8772
8767
8766
8765
8764
8760
8758
8757
8756
8754
8744
8742
8739
8733
8729
8727
8724
8723
8722
8721
8716
8710
8708
8707
8702
8701
8696
8693
8692
8687
8685
8684
8683
8677
8670
8662
8658
8653
8651
8649
8642
8641
8640
8639
8638
8631
8629
8627
8624
8620
8613
8611
8609
8607
8605
8604
8602
8599
8598
8597
8581
8580
8578
8577
8576
8573
8571
8569
8562
8559
8546
8544
8543
8539
8537
8531
8530
8527
8520
8519
8518
8517
8513
8500
8499
8494
8493
8489
8483
8475
8473
8470
8469
8466
8454
8449
8447
8444
8440
8435
8433
8431
8430
8428
8426
8419
8418
8412
8410
8408
8403
8400
8398
8395
8394
8386
8385
8382
8381
8380
8378
8376
8374
8372
8370
8369
8367
8366
8365
8361
8357
8354
8352
8351
8349
8348
8342
8340
8330
8328
8326
8324
8322
8321
8317
8315
8311
8310
8303
8300
8294
8291
8288
8286
8285
8283
8280
8279
8278
8277
8275
8273
8269
8254
8253
8250
8248
8246
8245
8243
8237
8235
8224
8219
8216
8212
8211
8210
8207
8205
8204
8199
8193
8192
8190
8187
8185
8183
8180
8172
8171
8166
8164
8162
8161
8157
8154
8151
8147
8144
8140
8138
8137
8132
8125
8117
8106
8104
8100
8098
8096
8095
8094
8090
8087
8086
8080
8068
8067
8064
8047
8045
8043
8042
8037
8036
8031
8029
8027
8023
8020
8017
8012
8008
8003
8001
7998
7989
7987
7981
7965
7964
7962
7960
7959
7949
7948
7947
7942
7941
7930
7929
7928
7927
7925
7921
7919
7915
7913
7912
7910
7905
7903
7902
7900
7899
7887
7878
7876
7866
7864
7863
7859
7856
7855
7850
7848
7846
7843
7842
7838
7837
7834
7832
7827
7826
7824
7821
7819
7815
7810
7809
7805
7804
7801
7798
7797
7794
7786
7785
7783
7778
7770
7769
7766
7762
7760
7759
7758
7751
7748
7746
7745
7742
7740
7737
7736
7735
7734
7733
7731
7729
7728
7725
7720
7716
7712
7709
7707
7705
7704
7703
7699
7698
7697
7696
7689
7686
7682
7675
7671
7670
7669
7662
7657
7656
7654
7651
7650
7649
7645
7644
7640
7637
7634
7627
7623
7621
7618
7617
7612
7611
7610
7608
7607
7606
7602
7598
7597
7596
7592
7590
7587
7582
7576
7575
7568
7564
7562
7556
7553
7544
7538
7526
7523
7522
7521
7516
7508
7506
7492
7487
7486
7485
7483
7481
7480
7479
7477
7474
7473
7468
7465
7464
7458
7457
7446
7439
7438
7433
7430
7429
7428
7426
7424
7423
7418
7417
7415
7414
7411
7407
7406
7404
7397
7396
7393
7391
7388
7385
7383
7380
7379
7376
7374
7372
7369
7368
7367
7366
7362
7359
7357
7350
7348
7347
7344
7343
7342
7341
7339
7336
7335
7325
7324
7322
7321
7320
7315
7302
7301
7299
7298
7297
7293
7285
7276
7275
7274
7271
7263
7262
7258
7256
7252
7251
7238
7237
7235
7234
7232
7221
7220
7217
7215
7213
7211
7210
7208
7202
7200
7191
7190
7182
7181
7174
7173
7163
7162
7159
7158
7155
7148
7146
7145
7143
7140
7136
7131
7129
7127
7126
7120
7119
7114
7113
7111
7100
7098
7092
7091
7089
7084
7079
7078
7071
7065
7062
7061
7060
7057
7050
7042
7036
7034
7033
7029
7028
7021
7020
7016
7011
7010
7009
7007
7005
7004
6999
6985
6981
6979
6978
6974
6970
6962
6960
6958
6954
6948
6945
6941
6940
6937
6936
6933
6931
6930
6925
6924
6923
6921
6914
6910
6900
6893
6892
6885
6884
6883
6882
6881
6874
6868
6865
6853
6851
6848
6842
6839
6836
6835
6830
6818
6816
6814
6813
6810
6802
6800
6799
6797
6796
6795
6794
6788
6786
6784
6779
6777
6774
6766
6761
6760
6759
6756
6755
6751
6750
6749
6744
6738
6734
6732
6730
6729
6726
6723
6721
6719
6710
6709
6704
6703
6702
6701
6697
6696
6691
6686
6684
6680
6679
6676
6675
6673
6670
6669
6665
6662
6657
6656
6653
6647
6642
6640
6639
6635
6631
6621
6618
6613
6612
6610
6608
6603
6602
6601
6594
6590
6577
6576
6575
6571
6570
6566
6565
6564
6558
6557
6553
6549
6548
6544
6541
6533
6532
6527
6524
6522
6515
6511
6510
6507
6506
6500
6488
6480
6477
6476
6475
6473
6472
6467
6462
6461
6458
6456
6454
6452
6450
6449
6445
6444
6443
6429
6427
6426
6425
6421
6419
6417
6411
6409
6408
6403
6397
6392
6390
6384
6382
6376
6375
6374
6372
6368
6364
6360
6352
6344
6341
6338
6337
6334
6329
6324
6321
6320
6316
6311
6310
6309
6302
6295
6290
6287
6286
6284
6282
6268
6267
6263
6260
6258
6254
6253
6250
6242
6239
6236
6235
6232
6231
6230
6229
6228
6226
6225
6223
6221
6218
6214
6210
6208
6206
6204
6203
6202
6194
6189
6183
6179
6178
6177
6176
6173
6172
6171
6169
6168
6167
6165
6152
6151
6147
6140
6139
6135
6133
6131
6130
6129
6126
6125
6123
6118
6111
6109
6099
6097
6095
6091
6090
6083
6082
6081
6076
6069
6067
6064
6060
6053
6051
6049
6047
6043
6041
6037
6036
6032
6029
6028
6026
6022
6019
6015
6013
6012
6011
6004
6003
6001
5999
5998
5995
5994
5990
5988
5987
5986
5974
5972
5967
5965
5964
5963
5959
5954
5942
5936
5934
5933
5931
5928
5920
5913
5909
5906
5905
5904
5901
5900
5890
5889
5886
5885
5880
5875
5872
5868
5867
5865
5862
5860
5859
5851
5850
5849
5842
5840
5835
5834
5833
5830
5827
5819
5817
5815
5813
5811
5807
5805
5803
5789
5785
5784
5783
5780
5779
5778
5777
5771
5770
5769
5768
5767
5764
5759
5758
5749
5748
5747
5745
5744
5740
5736
5730
5729
5725
5722
5720
5718
5716
5714
5710
5709
5706
5703
5700
5695
5693
5692
5690
5682
5677
5671
5666
5665
5663
5658
5640
5637
5636
5635
5634
5633
5617
5615
5613
5612
5605
5604
5603
5602
5599
5598
5591
5589
5588
5586
5585
5584
5580
5579
5576
5574
5572
5571
5570
5567
5565
5564
5562
5561
5558
5557
5552
5551
5550
5546
5545
5544
5541
5540
5539
5538
5536
5532
5531
5529
5522
5520
5510
5509
5505
5504
5503
5502
5500
5499
5496
5495
5493
5489
5487
5484
5483
5481
5480
5479
5470
5462
5460
5455
5453
5444
5442
5432
5430
5429
5422
5421
5418
5417
5416
5414
5409
5408
5407
5405
5404
5402
5399
5398
5397
5393
5387
5386
5382
5381
5379
5374
5370
5368
5367
5364
5363
5361
5352
5351
5347
5336
5335
5331
5320
5319
5315
5314
5310
5307
5303
5294
5292
5287
5278
5260
5257
5254
5251
5243
5238
5236
5234
5233
5231
5229
5225
5223
5221
5220
5219
5215
5209
5208
5202
5199
5195
5191
5189
5188
5187
5182
5180
5178
5176
5175
5173
5172
5165
5163
5162
5161
5153
5152
5151
5149
5146
5145
5142
5139
5138
5137
5136
5134
5132
5131
5128
5127
5121
5119
5114
5113
5111
5106
5104
5091
5089
5085
5081
5079
5075
5074
5073
5069
5067
5065
5063
5062
5060
5058
5053
5046
5044
5041
5034
5030
5024
5022
5021
5014
5013
5011
5009
5007
5001
4998
4996
4995
4994
4987
4976
4975
4973
4969
4968
4963
4961
4960
4957
4956
4955
4953
4948
4946
4944
4938
4935
4932
4928
4926
4921
4919
4913
4912
4903
4902
4901
4899
4898
4894
4891
4881
4878
4876
4875
4867
4863
4860
4843
4835
4834
4833
4832
4830
4812
4809
4805
4803
4796
4795
4793
4790
4788
4785
4782
4781
4775
4771
4766
4764
4763
4762
4761
4760
4751
4750
4747
4746
4738
4735
4728
4727
4724
4722
4721
4719
4718
4715
4709
4706
4702
4700
4696
4694
4689
4686
4681
4678
4672
4671
4670
4666
4659
4658
4657
4653
4652
4651
4644
4642
4632
4630
4628
4624
4619
4618
4617
4616
4614
4611
4608
4604
4603
4595
4593
4592
4590
4588
4584
4583
4582
4579
4577
4575
4572
4569
4567
4563
4562
4559
4553
4551
4550
4547
4533
4531
4530
4524
4521
4519
4518
4515
4514
4511
4510
4499
4498
4497
4496
4493
4489
4484
4482
4477
4472
4465
4464
4458
4454
4453
4450
4448
4445
4436
4433
4432
4429
4428
4420
4419
4417
4415
4411
4409
4403
4401
4396
4394
4384
4382
4381
4379
4369
4367
4365
4364
4359
4357
4356
4355
4351
4350
4348
4347
4346
4342
4334
4333
4330
4323
4322
4321
4319
4316
4305
4301
4276
4275
4274
4273
4271
4270
4265
4264
4261
4258
4255
4252
4251
4249
4248
4246
4244
4242
4241
4235
4228
4225
4224
4222
4221
4220
4219
4218
4212
4207
4204
4203
4197
4186
4183
4180
4178
4176
4174
4170
4166
4163
4161
4159
4155
4154
4151
4145
4143
4135
4133
4132
4130
4125
4124
4122
4121
4120
4116
4114
4112
4110
4106
4102
4100
4099
4097
4095
4090
4083
4081
4079
4072
4071
4068
4060
4059
4058
4057
4056
4049
4047
4045
4040
4039
4037
4036
4029
4026
4020
4019
4018
4016
4015
4009
4008
4005
4001
3988
3984
3981
3980
3979
3976
3972
3966
3961
3948
3946
3945
3944
3943
3941
3938
3936
3929
3923
3919
3917
3905
3904
3903
3898
3895
3892
3890
3888
3886
3885
3879
3869
3866
3859
3854
3853
3852
3847
3844
3840
3827
3818
3815
3812
3811
3810
3808
3807
3803
3799
3798
3795
3792
3791
3788
3787
3786
3785
3781
3771
3770
3769
3766
3765
3763
3762
3760
3758
3756
3753
3750
3748
3747
3738
3733
3730
3724
3721
3719
3711
3710
3708
3707
3701
3699
3686
3683
3681
3678
3671
3670
3668
3662
3660
3656
3646
3643
3639
3638
3635
3634
3633
3628
3627
3624
3623
3618
3617
3616
3614
3613
3608
3602
3600
3596
3595
3593
3588
3582
3574
3573
3572
3567
3565
3561
3559
3551
3547
3545
3544
3543
3542
3533
3528
3525
3523
3522
3520
3519
3514
3508
3505
3504
3501
3496
3490
3489
3480
3475
3471
3470
3466
3465
3464
3460
3458
3455
3449
3447
3441
3440
3436
3434
3433
3430
3420
3419
3412
3408
3401
3396
3387
3383
3380
3376
3372
3371
3368
3365
3363
3356
3341
3340
3330
3327
3326
3320
3318
3316
3311
3310
3309
3304
3303
3302
3301
3295
3294
3290
3282
3279
3273
3266
3265
3264
3262
3257
3245
3244
3242
3237
3234
3232
3231
3229
3217
3216
3215
3213
3211
3200
3198
3197
3193
3192
3191
3190
3189
3188
3187
3186
3185
3184
3183
3177
3176
3175
3173
3168
3163
3161
3159
3157
3156
3153
3152
3147
3144
3139
3133
3131
3129
3127
3120
3119
3114
3108
3106
3099
3097
3091
3090
3088
3085
3082
3077
3072
3071
3064
3060
3057
3055
3054
3045
3040
3037
3034
3030
3028
3024
3022
3015
3014
3013
3002
2995
2994
2993
2984
2983
2982
2980
2976
2975
2973
2969
2968
2965
2964
2953
2949
2944
2937
2932
2931
2930
2927
2923
2922
2918
2912
2909
2905
2904
2903
2902
2901
2897
2891
2888
2886
2885
2884
2882
2870
2869
2867
2866
2865
2864
2859
2856
2855
2854
2853
2846
2843
2842
2840
2838
2832
2822
2821
2820
2815
2814
2811
2810
2804
2796
2793
2784
2783
2781
2779
2778
2777
2773
2765
2750
2749
2748
2747
2745
2740
2739
2736
2733
2724
2723
2720
2715
2711
2709
2708
2705
2703
2702
2699
2694
2689
2688
2678
2675
2671
2667
2664
2662
2661
2657
2654
2653
2650
2644
2643
2640
2639
2630
2627
2624
2621
2614
2613
2608
2606
2605
2604
2600
2597
2593
2587
2583
2582
2580
2576
2572
2571
2570
2562
2559
2553
2552
2551
2548
2545
2536
2530
2528
2524
2518
2515
2513
2504
2502
2489
2486
2479
2478
2473
2470
2469
2462
2461
2457
2456
2455
2452
2451
2444
2443
2442
2441
2440
2438
2436
2435
2434
2425
2423
2418
2417
2416
2415
2409
2407
2406
2403
2401
2399
2398
2396
2394
2386
2385
2378
2377
2374
2370
2368
2365
2363
2357
2354
2350
2349
2345
2343
2340
2336
2335
2328
2324
2323
2322
2321
2320
2317
2314
2310
2309
2305
2304
2299
2296
2291
2289
2287
2286
2284
2283
2281
2280
2277
2275
2273
2272
2269
2267
2263
2262
2260
2258
2257
2254
2249
2248
2247
2243
2240
2239
2237
2231
2224
2223
2222
2219
2216
2214
2213
2211
2203
2202
2200
2199
2196
2194
2191
2188
2182
2178
2176
2170
2169
2167
2165
2161
2151
2146
2143
2137
2132
2129
2126
2124
2123
2117
2114
2107
2106
2104
2102
2100
2098
2095
2093
2080
2077
2075
2070
2067
2056
2050
2038
2037
2036
2035
2034
2030
2029
2026
2025
2022
2021
2019
2014
2013
2006
2004
2001
2000
1998
1996
1988
1982
1981
1976
1969
1962
1959
1958
1950
1947
1944
1942
1941
1935
1930
1926
1919
1916
1910
1907
1906
1901
1895
1889
1888
1883
1879
1874
1871
1862
1854
1853
1849
1847
1846
1834
1832
1831
1830
1827
1825
1822
1821
1803
1800
1799
1794
1784
1779
1778
1777
1774
1772
1771
1770
1761
1757
1754
1753
1752
1750
1748
1746
1744
1739
1738
1736
1733
1732
1729
1727
1726
1724
1723
1721
1719
1718
1717
1715
1710
1706
1704
1696
1688
1684
1681
1680
1676
1675
1671
1669
1664
1662
1661
1660
1658
1656
1654
1652
1642
1635
1633
1630
1628
1626
1625
1624
1622
1621
1619
1615
1609
1606
1601
1599
1595
1589
1586
1585
1574
1564
1560
1559
1556
1555
1553
1552
1547
1542
1541
1539
1533
1530
1527
1515
1511
1509
1508
1507
1503
1500
1497
1494
1490
1487
1485
1484
1482
1480
1477
1475
1474
1472
1469
1467
1466
1465
1462
1460
1458
1456
1455
1452
1448
1446
1438
1433
1431
1429
1428
1426
1420
1413
1412
1408
1406
1404
1403
1399
1395
1392
1387
1386
1380
1379
1378
1376
1375
1374
1372
1371
1370
1367
1366
1364
1361
1360
1359
1354
1344
1339
1338
1336
1329
1326
1325
1322
1316
1314
1312
1309
1308
1307
1306
1297
1292
1290
1287
1286
1283
1282
1278
1274
1271
1264
1259
1254
1253
1245
1243
1241
1239
1238
1235
1234
1230
1224
1221
1218
1217
1216
1214
1212
1211
1210
1205
1204
1203
1197
1196
1189
1186
1183
1182
1181
1180
1175
1170
1168
1164
1161
1160
1159
1157
1156
1155
1154
1146
1142
1141
1135
1133
1129
1123
1120
1112
1109
1104
1101
1100
1090
1084
1082
1079
1078
1072
1071
1061
1060
1057
1056
1053
1052
1049
1042
1041
1038
1035
1034
1032
1024
1023
1022
1018
1014
1013
1005
1000
999
998
993
992
990
987
985
978
977
976
964
956
955
951
950
948
945
941
937
936
930
928
927
913
907
904
903
902
899
891
888
886
882
873
870
861
858
855
850
849
844
841
839
835
834
833
831
823
822
819
817
810
808
807
803
802
796
780
773
769
767
766
762
757
756
755
752
749
747
743
741
737
733
726
725
723
720
717
716
707
701
698
691
688
686
685
683
681
675
671
668
667
665
660
654
648
647
642
637
634
633
632
631
630
629
608
603
602
599
587
584
579
576
570
567
566
565
561
560
554
553
547
543
542
527
524
519
518
513
505
501
498
497
496
493
492
488
487
486
484
480
477
476
470
469
467
463
460
455
454
452
451
449
443
438
437
432
431
429
428
427
425
423
421
420
419
416
414
413
409
403
388
381
380
379
376
371
363
354
348
343
342
337
334
327
325
320
316
310
309
304
302
295
294
290
284
283
277
275
272
270
267
265
264
261
260
259
253
252
250
248
245
242
239
234
232
225
224
222
221
219
217
201
199
197
195
193
190
188
186
184
183
182
181
167
159
155
151
149
144
142
137
135
134
133
129
126
125
123
122
121
118
117
116
115
109
106
104
103
102
99
97
95
90
80
69
64
61
60
57
54
48
46
43
39
30
25
24
8
7
3
2
1
-2
-4
-7
-9
-10
-17
-20
-21
-27
-35
-41
-43
-44
-45
-46
-50
-51
-52
-55
-57
-60
-63
-70
-79
-80
-83
-86
-90
-96
-101
-103
-107
-112
-126
-128
-132
-133
-139
-145
-147
-151
-152
-154
-157
-161
-166
-176
-177
-179
-182
-186
-187
-193
-197
-199
-200
-204
-218
-221
-222
-224
-231
-232
-233
-237
-253
-254
-259
-262
-270
-271
-276
-280
-288
-289
-295
-298
-300
-306
-312
-319
-320
-321
-323
-325
-326
-327
-328
-337
-342
-347
-350
-352
-368
-369
-370
-374
-378
-379
-386
-393
-397
-398
-404
-405
-407
-412
-413
-420
-422
-425
-429
-434
-436
-437
-438
-439
-440
-450
-453
-454
-455
-457
-458
-466
-468
-469
-472
-474
-475
-476
-492
-494
-495
-496
-499
-509
-511
-515
-516
-517
-522
-523
-524
-527
-528
-530
-534
-535
-537
-542
-548
-551
-553
-555
-559
-562
-565
-567
-568
-571
-576
-580
-585
-586
-589
-590
-591
-594
-598
-599
-605
-606
-610
-617
-619
-629
-632
-640
-643
-645
-646
-650
-652
-656
-660
-661
-663
-666
-667
-668
-676
-681
-682
-688
-689
-690
-694
-701
-702
-709
-710
-713
-715
-719
-723
-724
-726
-730
-733
-737
-741
-744
-747
-753
-754
-757
-758
-762
-771
-772
-776
-782
-793
-794
-797
-798
-801
-803
-805
-806
-809
-814
-816
-817
-823
-824
-831
-832
-836
-841
-842
-843
-844
-846
-853
-854
-856
-859
-868
-872
-877
-881
-885
-887
-888
-892
-896
-898
-900
-902
-908
-913
-916
-925
-926
-929
-931
-932
-933
-934
-939
-942
-945
-948
-951
-959
-966
-967
-969
-975
-989
-990
-991
-994
-995
-1002
-1005
-1013
-1016
-1017
-1019
-1025
-1030
-1033
-1035
-1037
-1038
-1039
-1044
-1046
-1047
-1048
-1049
-1056
-1057
-1058
-1060
-1061
-1062
-1064
-1065
-1067
-1068
-1089
-1093
-1095
-1100
-1101
-1109
-1110
-1115
-1116
-1121
-1122
-1123
-1124
-1134
-1136
-1137
-1138
-1143
-1146
-1147
-1149
-1155
-1157
-1159
-1160
-1162
-1163
-1172
-1173
-1175
-1183
-1186
-1190
-1191
-1194
-1196
-1197
-1201
-1209
-1217
-1218
-1224
-1225
-1226
-1229
-1233
-1235
-1241
-1243
-1246
-1251
-1252
-1254
-1255
-1259
-1260
-1267
-1268
-1269
-1273
-1275
-1279
-1282
-1286
-1291
-1295
-1299
-1301
-1304
-1308
-1311
-1312
-1314
-1318
-1321
-1333
-1337
-1340
-1343
-1344
-1347
-1351
-1352
-1353
-1354
-1356
-1357
-1362
-1366
-1367
-1370
-1372
-1376
-1377
-1379
-1380
-1381
-1384
-1385
-1386
-1391
-1393
-1402
-1405
-1407
-1419
-1422
-1428
-1431
-1432
-1436
-1443
-1446
-1448
-1451
-1453
-1456
-1459
-1460
-1461
-1464
-1466
-1468
-1473
-1477
-1478
-1480
-1486
-1490
-1491
-1492
-1494
-1495
-1498
-1499
-1502
-1504
-1507
-1509
-1511
-1514
-1515
-1519
-1523
-1524
-1525
-1530
-1532
-1533
-1535
-1538
-1540
-1542
-1544
-1551
-1558
-1559
-1563
-1564
-1571
-1573
-1577
-1579
-1580
-1582
-1585
-1586
-1589
-1593
-1595
-1597
-1600
-1602
-1604
-1606
-1609
-1615
-1617
-1619
-1622
-1623
-1624
-1627
-1630
-1641
-1646
-1647
-1650
-1653
-1658
-1659
-1664
-1665
-1668
-1673
-1674
-1676
-1677
-1678
-1685
-1687
-1688
-1689
-1692
-1697
-1699
-1700
-1703
-1712
-1715
-1716
-1717
-1720
-1731
-1733
-1735
-1737
-1740
-1741
-1743
-1744
-1751
-1754
-1756
-1760
-1767
-1773
-1777
-1779
-1780
-1783
-1784
-1787
-1790
-1794
-1796
-1799
-1801
-1803
-1804
-1806
-1807
-1811
-1819
-1825
-1829
-1832
-1834
-1835
-1837
-1838
-1840
-1841
-1844
-1849
-1851
-1852
-1857
-1859
-1862
-1866
-1867
-1868
-1874
-1882
-1883
-1885
-1895
-1899
-1900
-1904
-1905
-1907
-1908
-1909
-1919
-1931
-1932
-1938
-1944
-1950
-1958
-1962
-1964
-1965
-1968
-1969
-1970
-1971
-1972
-1986
-1990
-1991
-1995
-1997
-1998
-2007
-2011
-2015
-2020
-2021
-2029
-2041
-2053
-2054
-2063
-2066
-2069
-2070
-2078
-2081
-2082
-2085
-2088
-2092
-2097
-2101
-2105
-2107
-2110
-2114
-2117
-2121
-2123
-2125
-2127
-2130
-2133
-2138
-2140
-2142
-2143
-2148
-2149
-2151
-2152
-2153
-2154
-2156
-2166
-2169
-2170
-2171
-2175
-2179
-2184
-2185
-2188
-2193
-2194
-2196
-2199
-2208
-2212
-2214
-2215
-2220
-2221
-2225
-2226
-2229
-2231
-2235
-2241
-2242
-2243
-2244
-2245
-2246
-2251
-2255
-2257
-2261
-2265
-2266
-2268
-2276
-2285
-2286
-2287
-2296
-2297
-2299
-2303
-2305
-2312
-2316
-2318
-2327
-2329
-2335
-2337
-2338
-2340
-2342
-2343
-2346
-2350
-2351
-2354
-2363
-2364
-2366
-2369
-2371
-2373
-2378
-2380
-2382
-2394
-2396
-2397
-2400
-2401
-2402
-2408
-2412
-2413
-2416
-2418
-2419
-2421
-2422
-2423
-2424
-2429
-2430
-2432
-2435
-2437
-2441
-2444
-2445
-2446
-2450
-2455
-2456
-2457
-2458
-2459
-2460
-2464
-2469
-2470
-2474
-2480
-2489
-2495
-2497
-2498
-2499
-2501
-2502
-2503
-2504
-2507
-2508
-2511
-2520
-2522
-2524
-2533
-2538
-2546
-2547
-2552
-2553
-2557
-2558
-2561
-2562
-2570
-2572
-2577
-2583
-2584
-2585
-2587
-2590
-2593
-2594
-2595
-2596
-2597
-2609
-2611
-2613
-2617
-2618
-2625
-2628
-2629
-2632
-2637
-2639
-2640
-2643
-2645
-2647
-2648
-2649
-2650
-2652
-2655
-2659
-2662
-2664
-2667
-2668
-2671
-2674
-2675
-2679
-2683
-2685
-2690
-2694
-2696
-2698
-2699
-2700
-2702
-2704
-2705
-2706
-2708
-2709
-2712
-2727
-2739
-2743
-2746
-2750
-2754
-2755
-2758
-2760
-2763
-2768
-2771
-2773
-2774
-2779
-2781
-2785
-2788
-2790
-2791
-2793
-2795
-2797
-2803
-2806
-2809
-2811
-2814
-2816
-2820
-2825
-2827
-2828
-2830
-2833
-2836
-2839
-2842
-2843
-2844
-2846
-2848
-2849
-2860
-2862
-2865
-2869
-2871
-2872
-2873
-2877
-2880
-2887
-2888
-2891
-2893
-2895
-2897
-2904
-2908
-2919
-2926
-2927
-2928
-2929
-2931
-2932
-2933
-2934
-2936
-2937
-2938
-2944
-2948
-2949
-2950
-2951
-2953
-2954
-2958
-2961
-2963
-2971
-2972
-2975
-2981
-2986
-2995
-2998
-2999
-3000
-3001
-3006
-3007
-3011
-3019
-3021
-3027
-3031
-3032
-3036
-3039
-3047
-3050
-3051
-3055
-3056
-3058
-3062
-3064
-3067
-3073
-3078
-3079
-3080
-3088
-3091
-3093
-3094
-3097
-3098
-3103
-3105
-3107
-3108
-3110
-3114
-3119
-3120
-3124
-3125
-3129
-3130
-3131
-3132
-3143
-3154
-3156
-3157
-3165
-3166
-3168
-3172
-3178
-3181
-3182
-3184
-3186
-3191
-3195
-3204
-3205
-3206
-3208
-3209
-3215
-3224
-3225
-3232
-3235
-3238
-3239
-3240
-3246
-3247
-3254
-3256
-3257
-3260
-3273
-3278
-3279
-3285
-3287
-3289
-3291
-3296
-3297
-3298
-3301
-3304
-3309
-3311
-3313
-3314
-3333
-3334
-3335
-3336
-3338
-3340
-3345
-3348
-3357
-3359
-3360
-3361
-3364
-3367
-3371
-3372
-3373
-3375
-3378
-3384
-3389
-3393
-3397
-3399
-3402
-3404
-3405
-3407
-3409
-3410
-3414
-3418
-3420
-3422
-3424
-3426
-3427
-3429
-3432
-3433
-3434
-3435
-3436
-3437
-3439
-3443
-3447
-3448
-3451
-3452
-3455
-3461
-3471
-3473
-3475
-3477
-3483
-3495
-3497
-3499
-3500
-3503
-3504
-3515
-3517
-3518
-3525
-3529
-3530
-3532
-3533
-3541
-3542
-3547
-3550
-3551
-3554
-3556
-3559
-3562
-3563
-3565
-3566
-3571
-3581
-3582
-3583
-3584
-3585
-3587
-3595
-3602
-3607
-3608
-3613
-3614
-3618
-3628
-3629
-3632
-3633
-3634
-3638
-3640
-3643
-3644
-3646
-3652
-3661
-3663
-3666
-3668
-3669
-3672
-3675
-3677
-3679
-3681
-3682
-3684
-3686
-3688
-3690
-3693
-3694
-3695
-3696
-3697
-3701
-3702
-3703
-3704
-3705
-3706
-3711
-3714
-3717
-3722
-3730
-3733
-3734
-3737
-3739
-3744
-3749
-3756
-3758
-3760
-3763
-3767
-3768
-3769
-3770
-3778
-3787
-3788
-3794
-3802
-3806
-3810
-3816
-3818
-3823
-3824
-3825
-3839
-3840
-3842
-3843
-3850
-3854
-3859
-3860
-3868
-3869
-3870
-3872
-3873
-3874
-3876
-3885
-3886
-3888
-3889
-3890
-3896
-3898
-3901
-3902
-3905
-3906
-3910
-3911
-3915
-3922
-3924
-3925
-3930
-3932
-3933
-3934
-3935
-3937
-3940
-3942
-3943
-3946
-3954
-3958
-3962
-3963
-3967
-3968
-3969
-3970
-3974
-3975
-3978
-3979
-3986
-3987
-3989
-3993
-3995
-3999
-4005
-4006
-4009
-4013
-4014
-4017
-4020
-4021
-4031
-4033
-4037
-4040
-4041
-4042
-4045
-4047
-4054
-4059
-4062
-4065
-4066
-4068
-4069
-4070
-4071
-4074
-4079
-4080
-4081
-4083
-4086
-4087
-4088
-4089
-4091
-4092
-4094
-4096
-4097
-4098
-4101
-4105
-4114
-4119
-4121
-4123
-4124
-4127
-4128
-4129
-4131
-4137
-4138
-4140
-4143
-4144
-4147
-4149
-4156
-4160
-4161
-4166
-4169
-4170
-4172
-4173
-4174
-4176
-4178
-4179
-4184
-4187
-4191
-4192
-4194
-4195
-4208
-4210
-4212
-4217
-4220
-4221
-4224
-4233
-4237
-4239
-4243
-4251
-4252
-4255
-4257
-4260
-4263
-4265
-4266
-4269
-4280
-4283
-4286
-4296
-4301
-4304
-4307
-4309
-4315
-4318
-4319
-4320
-4321
-4334
-4339
-4341
-4344
-4350
-4353
-4356
-4358
-4360
-4361
-4364
-4366
-4367
-4371
-4374
-4379
-4380
-4381
-4385
-4389
-4393
-4398
-4402
-4404
-4406
-4416
-4419
-4424
-4428
-4429
-4431
-4432
-4433
-4436
-4439
-4443
-4447
-4464
-4467
-4468
-4471
-4474
-4475
-4480
-4481
-4486
-4492
-4493
-4500
-4501
-4503
-4509
-4511
-4512
-4513
-4515
-4519
-4520
-4521
-4528
-4531
-4532
-4536
-4544
-4545
-4549
-4552
-4553
-4554
-4559
-4560
-4561
-4562
-4563
-4564
-4568
-4571
-4572
-4573
-4586
-4593
-4595
-4603
-4604
-4608
-4616
-4618
-4621
-4626
-4631
-4637
-4638
-4639
-4647
-4650
-4652
-4658
-4659
-4661
-4666
-4673
-4674
-4675
-4676
-4677
-4682
-4684
-4686
-4691
-4698
-4704
-4706
-4710
-4711
-4714
-4715
-4717
-4718
-4719
-4720
-4724
-4727
-4728
-4730
-4735
-4738
-4742
-4743
-4744
-4747
-4757
-4760
-4762
-4769
-4771
-4773
-4775
-4776
-4777
-4780
-4782
-4784
-4786
-4788
-4791
-4793
-4797
-4800
-4801
-4809
-4811
-4818
-4822
-4824
-4825
-4831
-4835
-4842
-4843
-4850
-4851
-4853
-4865
-4869
-4871
-4874
-4875
-4878
-4879
-4881
-4882
-4886
-4887
-4889
-4895
-4896
-4898
-4899
-4900
-4902
-4906
-4909
-4919
-4926
-4929
-4934
-4935
-4941
-4942
-4944
-4946
-4947
-4951
-4955
-4956
-4957
-4958
-4959
-4964
-4965
-4966
-4967
-4968
-4972
-4976
-4978
-4979
-4981
-4985
-4986
-4987
-4989
-4990
-4991
-4993
-4994
-4995
-4996
-4998
-5007
-5008
-5009
-5010
-5011
-5013
-5015
-5018
-5020
-5021
-5022
-5023
-5025
-5031
-5037
-5038
-5039
-5043
-5055
-5060
-5073
-5079
-5081
-5086
-5090
-5094
-5095
-5105
-5106
-5107
-5108
-5114
-5124
-5129
-5135
-5138
-5140
-5164
-5167
-5171
-5172
-5173
-5175
-5176
-5177
-5178
-5187
-5189
-5194
-5195
-5204
-5207
-5212
-5223
-5233
-5234
-5236
-5237
-5238
-5241
-5242
-5243
-5244
-5249
-5261
-5262
-5265
-5268
-5272
-5273
-5279
-5290
-5292
-5295
-5297
-5298
-5301
-5305
-5307
-5311
-5316
-5317
-5320
-5321
-5323
-5329
-5338
-5341
-5342
-5346
-5350
-5352
-5357
-5358
-5359
-5365
-5370
-5377
-5386
-5388
-5390
-5392
-5397
-5399
-5400
-5403
-5404
-5406
-5407
-5408
-5411
-5412
-5413
-5416
-5417
-5425
-5427
-5430
-5432
-5437
-5439
-5440
-5441
-5444
-5448
-5458
-5459
-5467
-5475
-5481
-5483
-5484
-5485
-5489
-5491
-5493
-5498
-5500
-5502
-5504
-5507
-5509
-5514
-5518
-5522
-5524
-5529
-5530
-5533
-5535
-5536
-5538
-5540
-5542
-5547
-5549
-5550
-5556
-5559
-5565
-5566
-5567
-5569
-5571
-5572
-5574
-5578
-5582
-5584
-5591
-5594
-5596
-5598
-5601
-5604
-5607
-5613
-5615
-5623
-5624
-5627
-5633
-5642
-5644
-5645
-5648
-5650
-5653
-5655
-5656
-5661
-5669
-5670
-5673
-5676
-5678
-5679
-5681
-5683
-5687
-5689
-5693
-5694
-5704
-5714
-5716
-5723
-5725
-5726
-5727
-5729
-5733
-5734
-5740
-5741
-5743
-5746
-5747
-5749
-5751
-5753
-5757
-5760
-5761
-5762
-5776
-5778
-5792
-5803
-5804
-5805
-5808
-5813
-5819
-5824
-5826
-5834
-5835
-5839
-5841
-5842
-5849
-5851
-5854
-5855
-5858
-5860
-5862
-5865
-5866
-5869
-5871
-5872
-5873
-5874
-5881
-5896
-5900
-5906
-5907
-5908
-5915
-5916
-5918
-5920
-5924
-5930
-5937
-5938
-5939
-5942
-5943
-5951
-5955
-5957
-5962
-5964
-5966
-5967
-5970
-5971
-5972
-5980
-5995
-5996
-5998
-6012
-6020
-6021
-6025
-6034
-6038
-6046
-6048
-6049
-6051
-6052
-6053
-6056
-6063
-6064
-6074
-6075
-6081
-6083
-6085
-6091
-6093
-6094
-6095
-6099
-6100
-6105
-6106
-6108
-6112
-6114
-6115
-6117
-6122
-6125
-6126
-6130
-6134
-6136
-6139
-6140
-6141
-6147
-6151
-6156
-6157
-6164
-6168
-6170
-6180
-6185
-6189
-6195
-6196
-6198
-6199
-6202
-6207
-6209
-6212
-6214
-6238
-6239
-6241
-6245
-6246
-6251
-6252
-6253
-6258
-6261
-6268
-6269
-6270
-6272
-6274
-6280
-6283
-6289
-6291
-6295
-6297
-6299
-6300
-6301
-6303
-6308
-6309
-6313
-6315
-6316
-6318
-6323
-6325
-6327
-6332
-6333
-6334
-6339
-6342
-6348
-6353
-6354
-6355
-6361
-6364
-6365
-6372
-6375
-6376
-6377
-6378
-6380
-6382
-6391
-6394
-6398
-6399
-6401
-6402
-6405
-6407
-6409
-6419
-6427
-6431
-6437
-6438
-6442
-6444
-6445
-6451
-6454
-6455
-6457
-6458
-6459
-6464
-6472
-6473
-6475
-6476
-6481
-6483
-6485
-6489
-6493
-6494
-6497
-6502
-6504
-6505
-6508
-6512
-6517
-6523
-6527
-6528
-6533
-6546
-6547
-6550
-6552
-6554
-6555
-6556
-6562
-6567
-6569
-6576
-6579
-6582
-6583
-6585
-6589
-6590
-6594
-6595
-6596
-6597
-6602
-6605
-6606
-6607
-6608
-6609
-6612
-6614
-6617
-6618
-6621
-6622
-6623
-6625
-6629
-6638
-6639
-6641
-6644
-6647
-6652
-6653
-6656
-6657
-6667
-6668
-6674
-6678
-6679
-6682
-6683
-6689
-6692
-6700
-6706
-6707
-6711
-6713
-6715
-6716
-6720
-6724
-6731
-6734
-6735
-6742
-6750
-6752
-6753
-6754
-6756
-6758
-6762
-6770
-6776
-6778
-6780
-6781
-6787
-6790
-6792
-6796
-6802
-6803
-6806
-6821
-6830
-6831
-6832
-6835
-6836
-6841
-6858
-6861
-6867
-6873
-6874
-6878
-6885
-6898
-6901
-6903
-6904
-6912
-6915
-6916
-6918
-6922
-6927
-6929
-6930
-6931
-6933
-6935
-6937
-6945
-6946
-6947
-6948
-6951
-6952
-6953
-6955
-6958
-6964
-6965
-6966
-6968
-6970
-6974
-6982
-6986
-6988
-6993
-6994
-6996
-6998
-6999
-7001
-7004
-7005
-7006
-7016
-7020
-7021
-7024
-7031
-7032
-7033
-7038
-7039
-7041
-7042
-7043
-7045
-7046
-7049
-7053
-7054
-7056
-7061
-7066
-7069
-7072
-7075
-7076
-7080
-7084
-7088
-7089
-7090
-7092
-7099
-7100
-7102
-7104
-7108
-7110
-7113
-7115
-7118
-7120
-7125
-7126
-7135
-7137
-7140
-7141
-7146
-7152
-7157
-7159
-7161
-7163
-7164
-7165
-7167
-7172
-7173
-7177
-7181
-7183
-7184
-7186
-7187
-7188
-7191
-7203
-7205
-7209
-7211
-7212
-7217
-7222
-7225
-7227
-7228
-7234
-7235
-7237
-7239
-7242
-7243
-7245
-7246
-7251
-7255
-7258
-7261
-7267
-7269
-7278
-7282
-7283
-7296
-7299
-7300
-7301
-7303
-7307
-7308
-7311
-7314
-7316
-7319
-7324
-7326
-7327
-7329
-7333
-7334
-7337
-7340
-7341
-7343
-7346
-7351
-7353
-7356
-7357
-7366
-7371
-7372
-7374
-7375
-7376
-7377
-7378
-7380
-7381
-7382
-7385
-7387
-7389
-7404
-7405
-7426
-7430
-7433
-7441
-7442
-7445
-7446
-7453
-7454
-7456
-7459
-7461
-7463
-7470
-7473
-7474
-7475
-7476
-7478
-7481
-7482
-7484
-7488
-7489
-7493
-7501
-7506
-7507
-7509
-7513
-7514
-7515
-7516
-7521
-7531
-7536
-7539
-7545
-7546
-7548
-7550
-7551
-7558
-7565
-7566
-7567
-7568
-7570
-7578
-7579
-7580
-7581
-7583
-7584
-7586
-7589
-7599
-7600
-7601
-7602
-7603
-7607
-7608
-7609
-7614
-7620
-7622
-7624
-7625
-7628
-7638
-7639
-7641
-7642
-7643
-7650
-7654
-7656
-7657
-7659
-7660
-7661
-7662
-7666
-7675
-7677
-7683
-7684
-7685
-7691
-7695
-7697
-7698
-7699
-7703
-7706
-7717
-7718
-7719
-7720
-7721
-7723
-7727
-7728
-7730
-7732
-7734
-7737
-7740
-7743
-7745
-7746
-7752
-7753
-7759
-7762
-7764
-7774
-7780
-7781
-7784
-7786
-7790
-7798
-7806
-7816
-7817
-7819
-7832
-7837
-7838
-7839
-7844
-7846
-7852
-7855
-7857
-7861
-7867
-7870
-7871
-7872
-7873
-7875
-7876
-7877
-7882
-7884
-7887
-7888
-7889
-7890
-7892
-7894
-7897
-7903
-7904
-7908
-7914
-7915
-7920
-7926
-7928
-7931
-7933
-7934
-7938
-7939
-7945
-7946
-7949
-7950
-7952
-7960
-7961
-7973
-7974
-7976
-7981
-7984
-7987
-7994
-7995
-7996
-7997
-8005
-8006
-8010
-8011
-8012
-8013
-8015
-8017
-8018
-8024
-8025
-8027
-8028
-8029
-8036
-8037
-8038
-8042
-8043
-8047
-8050
-8052
-8058
-8060
-8061
-8066
-8070
-8075
-8078
-8080
-8082
-8084
-8085
-8087
-8090
-8091
-8093
-8098
-8102
-8104
-8105
-8106
-8110
-8116
-8117
-8120
-8123
-8124
-8125
-8135
-8137
-8140
-8142
-8143
-8144
-8145
-8146
-8147
-8151
-8155
-8160
-8161
-8162
-8164
-8165
-8167
-8175
-8176
-8178
-8181
-8183
-8184
-8188
-8189
-8195
-8197
-8202
-8204
-8205
-8206
-8217
-8218
-8219
-8221
-8223
-8225
-8231
-8233
-8235
-8236
-8237
-8238
-8239
-8241
-8242
-8243
-8248
-8251
-8253
-8254
-8260
-8263
-8267
-8268
-8269
-8270
-8275
-8279
-8281
-8282
-8289
-8291
-8292
-8295
-8297
-8312
-8315
-8318
-8322
-8323
-8335
-8339
-8342
-8350
-8351
-8356
-8357
-8359
-8360
-8364
-8368
-8369
-8372
-8377
-8379
-8382
-8386
-8388
-8390
-8392
-8393
-8396
-8398
-8399
-8404
-8413
-8415
-8419
-8421
-8422
-8427
-8430
-8437
-8443
-8445
-8448
-8456
-8459
-8465
-8471
-8474
-8477
-8484
-8486
-8490
-8494
-8495
-8497
-8498
-8499
-8510
-8521
-8522
-8523
-8530
-8532
-8536
-8541
-8542
-8544
-8546
-8560
-8569
-8573
-8577
-8578
-8579
-8585
-8590
-8591
-8596
-8602
-8604
-8605
-8608
-8609
-8610
-8613
-8620
-8626
-8627
-8632
-8637
-8641
-8654
-8657
-8664
-8669
-8672
-8675
-8676
-8680
-8681
-8683
-8694
-8695
-8698
-8699
-8711
-8715
-8717
-8719
-8729
-8730
-8731
-8734
-8735
-8736
-8743
-8746
-8747
-8750
-8753
-8755
-8759
-8760
-8780
-8782
-8784
-8785
-8787
-8790
-8792
-8794
-8800
-8802
-8806
-8807
-8809
-8810
-8818
-8819
-8820
-8821
-8825
-8826
-8830
-8838
-8839
-8846
-8851
-8853
-8854
-8861
-8871
-8873
-8876
-8880
-8887
-8888
-8896
-8902
-8904
-8905
-8906
-8911
-8914
-8915
-8918
-8922
-8927
-8929
-8931
-8933
-8940
-8944
-8945
-8947
-8950
-8953
-8954
-8955
-8961
-8963
-8965
-8966
-8967
-8968
-8974
-8979
-8981
-8984
-8985
-8990
-8991
-9003
-9005
-9007
-9008
-9009
-9014
-9017
-9021
-9022
-9025
-9029
-9034
-9035
-9038
-9039
-9048
-9069
-9073
-9078
-9079
-9080
-9086
-9094
-9098
-9102
-9119
-9124
-9125
-9126
-9127
-9131
-9133
-9137
-9138
-9146
-9148
-9153
-9155
-9157
-9162
-9167
-9169
-9175
-9176
-9181
-9186
-9190
-9199
-9200
-9201
-9204
-9209
-9211
-9213
-9224
-9225
-9226
-9238
-9246
-9252
-9255
-9257
-9260
-9267
-9268
-9274
-9275
-9276
-9280
-9281
-9282
-9293
-9296
-9301
-9303
-9306
-9315
-9317
-9322
-9326
-9327
-9328
-9331
-9336
-9337
-9339
-9341
-9344
-9345
-9348
-9352
-9355
-9363
-9374
-9375
-9381
-9382
-9384
-9386
-9387
-9393
-9395
-9399
-9410
-9413
-9417
-9421
-9430
-9433
-9434
-9437
-9440
-9441
-9442
-9445
-9449
-9450
-9451
-9452
-9457
-9462
-9463
-9465
-9468
-9474
-9477
-9479
-9487
-9490
-9492
-9493
-9494
-9496
-9503
-9506
-9511
-9513
-9514
-9515
-9518
-9519
-9523
-9524
-9526
-9527
-9533
-9536
-9537
-9544
-9545
-9546
-9552
-9554
-9555
-9561
-9564
-9565
-9570
-9571
-9574
-9576
-9578
-9581
-9591
-9593
-9594
-9602
-9607
-9608
-9609
-9611
-9615
-9626
-9628
-9632
-9633
-9634
-9635
-9636
-9639
-9640
-9646
-9651
-9657
-9661
-9663
-9664
-9668
-9672
-9677
-9681
-9682
-9684
-9685
-9687
-9689
-9695
-9697
-9702
-9707
-9708
-9709
-9721
-9723
-9725
-9732
-9735
-9736
-9742
-9746
-9747
-9752
-9760
-9761
-9774
-9776
-9778
-9780
-9783
-9784
-9786
-9787
-9793
-9794
-9796
-9801
-9803
-9815
-9821
-9823
-9824
-9826
-9831
-9836
-9838
-9841
-9842
-9850
-9853
-9856
-9859
-9860
-9863
-9865
-9878
-9879
-9882
-9886
-9887
-9895
-9896
-9902
-9903
-9904
-9916
-9918
-9928
-9930
-9932
-9937
-9948
-9949
-9951
-9953
-9956
-9957
-9958
-9960
-9963
-9964
-9965
-9966
-9973
-9976
-9977
-9979
-9980
-9986
-9988
-9990
-9991
-9997
-10001
-10004
-10008
-10010
-10011
-10024
-10027
-10029
-10033
-10037
-10046
-10053
-10057
-10066
-10069
-10073
-10074
-10076
-10079
-10080
-10082
-10084
-10085
-10096
-10098
-10099
-10100
-10104
-10105
-10109
-10113
-10114
-10116
-10123
-10125
-10126
-10129
-10130
-10142
-10145
-10146
-10149
-10150
-10154
-10157
-10159
-10162
-10168
-10169
-10172
-10174
-10175
-10183
-10184
-10196
-10199
-10208
-10211
-10216
-10219
-10221
-10222
-10225
-10228
-10235
-10236
-10238
-10243
-10244
-10247
-10248
-10256
-10259
-10260
-10262
-10263
-10265
-10270
-10275
-10277
-10279
-10280
-10282
-10288
-10289
-10296
-10297
-10299
-10300
-10301
-10303
-10307
-10308
-10312
-10313
-10316
-10318
-10319
-10320
-10321
-10324
-10328
-10341
-10343
-10345
-10346
-10350
-10358
-10366
-10368
-10371
-10372
-10373
-10376
-10378
-10384
-10387
-10389
-10392
-10396
-10398
-10401
-10404
-10408
-10409
-10410
-10414
-10415
-10416
-10419
-10420
-10423
-10427
-10433
-10439
-10447
-10448
-10449
-10450
-10451
-10454
-10455
-10456
-10461
-10462
-10475
-10477
-10480
-10483
-10484
-10485
-10492
-10496
-10499
-10500
-10502
-10503
-10509
-10511
-10520
-10522
-10523
-10525
-10530
-10531
-10536
-10537
-10538
-10541
-10544
-10545
-10546
-10552
-10558
-10561
-10562
-10565
-10566
-10570
-10574
-10576
-10583
-10587
-10597
-10601
-10602
-10606
-10607
-10608
-10612
-10615
-10621
-10622
-10625
-10626
-10628
-10630
-10646
-10647
-10648
-10649
-10651
-10652
-10661
-10662
-10664
-10666
-10672
-10673
-10675
-10676
-10679
-10680
-10686
-10690
-10691
-10692
-10698
-10699
-10702
-10708
-10709
-10713
-10716
-10720
-10722
-10723
-10729
-10732
-10737
-10739
-10745
-10747
-10757
-10758
-10762
-10764
-10771
-10773
-10776
-10777
-10781
-10783
-10784
-10791
-10794
-10797
-10804
-10805
-10807
-10812
-10815
-10817
-10818
-10819
-10820
-10824
-10829
-10834
-10836
-10838
-10841
-10842
-10844
-10845
-10846
-10847
-10851
-10856
-10859
-10861
-10864
-10866
-10869
-10870
-10873
-10874
-10875
-10883
-10886
-10889
-10892
-10893
-10898
-10900
-10912
-10918
-10922
-10926
-10931
-10935
-10948
-10951
-10953
-10954
-10958
-10963
-10969
-10971
-10973
-10975
-10976
-10980
-10981
-10986
-11000
-11002
-11004
-11014
-11016
-11018
-11022
-11027
-11028
-11030
-11034
-11035
-11036
-11037
-11039
-11041
-11042
-11044
-11050
-11052
-11053
-11054
-11056
-11060
-11062
-11067
-11071
-11072
-11075
-11079
-11083
-11086
-11093
-11097
-11099
-11104
-11105
-11106
-11107
-11112
-11113
-11127
-11129
-11131
-11133
-11137
-11151
-11155
-11158
-11168
-11172
-11174
-11177
-11178
-11183
-11185
-11188
-11189
-11193
-11197
-11198
-11201
-11203
-11209
-11216
-11220
-11233
-11234
-11238
-11242
-11243
-11245
-11248
-11252
-11253
-11254
-11259
-11266
-11268
-11270
-11272
-11276
-11284
-11285
-11287
-11296
-11303
-11309
-11312
-11316
-11317
-11318
-11321
-11323
-11327
-11328
-11332
-11333
-11340
-11344
-11351
-11352
-11354
-11358
-11361
-11366
-11367
-11372
-11373
-11377
-11378
-11379
-11382
-11389
-11392
-11394
-11396
-11402
-11404
-11409
-11410
-11417
-11418
-11419
-11420
-11422
-11432
-11433
-11438
-11441
-11451
-11452
-11454
-11459
-11461
-11462
-11465
-11466
-11468
-11469
-11475
-11477
-11478
-11479
-11485
-11486
-11495
-11498
-11504
-11508
-11512
-11525
-11527
-11530
-11538
-11539
-11541
-11543
-11546
-11547
-11551
-11552
-11553
-11555
-11558
-11559
-11560
-11569
-11572
-11574
-11582
-11587
-11592
-11596
-11600
-11601
-11602
-11606
-11611
-11625
-11627
-11628
-11630
-11631
-11637
-11638
-11647
-11649
-11657
-11662
-11666
-11671
-11688
-11691
-11692
-11693
-11695
-11696
-11705
-11709
-11712
-11714
-11715
-11722
-11724
-11732
-11733
-11734
-11736
-11742
-11759
-11760
-11762
-11763
-11766
-11771
-11778
-11779
-11785
-11786
-11790
-11793
-11796
-11806
-11807
-11808
-11812
-11813
-11822
-11823
-11826
-11836
-11839
-11842
-11850
-11851
-11860
-11863
-11867
-11869
-11870
-11875
-11877
-11881
-11884
-11888
-11895
-11901
-11902
-11903
-11906
-11908
-11914
-11916
-11918
-11929
-11932
-11937
-11938
-11952
-11955
-11959
-11962
-11963
-11968
-11978
-11979
-11983
-11985
-11987
-11990
-11998
-12000
-12003
-12005
-12008
-12011
-12012
-12017
-12020
-12021
-12023
-12025
-12029
-12034
-12038
-12039
-12045
-12046
-12047
-12051
-12053
-12055
-12065
-12069
-12070
-12074
-12075
-12076
-12077
-12082
-12089
-12091
-12094
-12096
-12097
-12104
-12108
-12109
-12111
-12112
-12124
-12125
-12126
-12127
-12131
-12132
-12133
-12142
-12143
-12145
-12149
-12151
-12154
-12155
-12158
-12161
-12163
-12164
-12169
-12170
-12179
-12187
-12188
-12189
-12191
-12195
-12199
-12201
-12203
-12213
-12216
-12222
-12229
-12235
-12236
-12237
-12245
-12253
-12256
-12263
-12275
-12277
-12278
-12284
-12289
-12290
-12293
-12294
-12295
-12298
-12299
-12300
-12301
-12304
-12318
-12321
-12331
-12332
-12336
-12342
-12347
-12349
-12352
-12354
-12358
-12359
-12364
-12366
-12369
-12373
-12377
-12387
-12392
-12393
-12396
-12398
-12400
-12401
-12407
-12412
-12413
-12414
-12424
-12426
-12429
-12432
-12433
-12434
-12437
-12438
-12443
-12444
-12454
-12455
-12456
-12458
-12460
-12464
-12468
-12471
-12472
-12477
-12478
-12486
-12492
-12493
-12494
-12495
-12496
-12498
-12508
-12509
-12517
-12519
-12520
-12522
-12524
-12527
-12532
-12533
-12535
-12537
-12539
-12545
-12547
-12554
-12557
-12559
-12564
-12567
-12571
-12572
-12578
-12591
-12592
-12596
-12599
-12603
-12606
-12608
-12611
-12614
-12629
-12632
-12635
-12639
-12644
-12650
-12652
-12653
-12654
-12668
-12670
-12671
-12677
-12679
-12681
-12683
-12693
-12699
-12703
-12716
-12718
-12720
-12722
-12724
-12725
-12731
-12732
-12735
-12739
-12743
-12746
-12747
-12748
-12756
-12759
-12763
-12764
-12767
-12768
-12769
-12771
-12776
-12778
-12780
-12782
-12783
-12785
-12788
-12789
-12790
-12792
-12794
-12795
-12798
-12799
-12803
-12805
-12810
-12823
-12824
-12827
-12828
-12832
-12833
-12834
-12837
-12839
-12842
-12844
-12845
-12846
-12849
-12850
-12851
-12852
-12853
-12859
-12860
-12861
-12868
-12872
-12873
-12881
-12884
-12885
-12888
-12893
-12895
-12898
-12900
-12906
-12912
-12914
-12918
-12921
-12925
-12926
-12931
-12933
-12934
-12943
-12944
-12948
-12952
-12962
-12963
-12966
-12967
-12968
-12969
-12970
-12973
-12975
-12979
-12982
-12984
-12987
-12994
-12995
-12996
-13003
-13004
-13006
-13009
-13010
-13012
-13014
-13015
-13016
-13017
-13018
-13024
-13026
-13029
-13037
-13040
-13042
-13043
-13050
-13051
-13054
-13061
-13062
-13066
-13067
-13071
-13075
-13082
-13083
-13085
-13086
-13087
-13091
-13092
-13100
-13101
-13104
-13108
-13112
-13113
-13115
-13122
-13126
-13131
-13136
-13137
-13140
-13143
-13144
-13146
-13149
-13150
-13152
-13154
-13155
-13157
-13161
-13163
-13165
-13166
-13169
-13176
-13179
-13182
-13189
-13191
-13198
-13199
-13200
-13201
-13205
-13206
-13211
-13214
-13216
-13224
-13227
-13230
-13232
-13233
-13234
-13239
-13242
-13246
-13248
-13250
-13256
-13258
-13262
-13264
-13265
-13269
-13270
-13271
-13272
-13274
-13275
-13280
-13284
-13290
-13296
-13304
-13310
-13320
-13332
-13341
-13351
-13356
-13361
-13366
-13376
-13377
-13378
-13379
-13380
-13385
-13386
-13388
-13394
-13398
-13399
-13410
-13413
-13421
-13422
-13423
-13425
-13426
-13430
-13432
-13433
-13434
-13435
-13447
-13448
-13449
-13451
-13452
-13453
-13458
-13461
-13470
-13472
-13473
-13474
-13475
-13477
-13479
-13485
-13487
-13491
-13497
-13501
-13503
-13506
-13509
-13512
-13520
-13521
-13522
-13524
-13528
-13533
-13534
-13536
-13545
-13547
-13552
-13556
-13558
-13562
-13563
-13565
-13566
-13567
-13574
-13575
-13583
-13585
-13589
-13590
-13603
-13605
-13610
-13611
-13613
-13617
-13619
-13620
-13622
-13625
-13628
-13629
-13633
-13636
-13639
-13640
-13644
-13650
-13654
-13657
-13659
-13662
-13664
-13666
-13673
-13675
-13679
-13684
-13688
-13690
-13692
-13703
-13704
-13705
-13708
-13709
-13713
-13714
-13718
-13719
-13725
-13726
-13738
-13744
-13745
-13746
-13748
-13751
-13754
-13757
-13760
-13762
-13763
-13766
-13774
-13776
-13777
-13780
-13781
-13785
-13788
-13789
-13790
-13796
-13797
-13801
-13804
-13812
-13814
-13815
-13823
-13826
-13827
-13834
-13845
-13846
-13848
-13851
-13855
-13856
-13860
-13864
-13865
-13869
-13870
-13873
-13878
-13881
-13886
-13887
-13889
-13892
-13898
-13901
-13902
-13905
-13914
-13915
-13919
-13923
-13924
-13925
-13928
-13931
-13933
-13934
-13936
-13937
-13938
-13939
-13941
-13944
-13947
-13949
-13953
-13954
-13955
-13957
-13960
-13971
-13975
-13980
-13981
-13992
-13993
-13996
-13997
-14004
-14006
-14015
-14016
-14017
-14018
-14019
-14022
-14025
-14028
-14032
-14034
-14038
-14040
-14041
-14042
-14044
-14045
-14048
-14050
-14051
-14052
-14053
-14058
-14061
-14063
-14065
-14068
-14072
-14075
-14077
-14081
-14082
-14084
-14085
-14093
-14094
-14097
-14099
-14100
-14103
-14104
-14105
-14106
-14107
-14110
-14114
-14117
-14119
-14123
-14127
-14128
-14131
-14138
-14141
-14142
-14143
-14144
-14146
-14149
-14150
-14154
-14155
-14156
-14159
-14160
-14162
-14163
-14165
-14168
-14183
-14186
-14187
-14188
-14190
-14192
-14193
-14198
-14199
-14201
-14203
-14208
-14215
-14217
-14222
-14235
-14236
-14243
-14244
-14256
-14262
-14263
-14264
-14267
-14269
-14271
-14273
-14279
-14280
-14284
-14285
-14287
-14291
-14294
-14296
-14301
-14308
-14309
-14312
-14313
-14316
-14329
-14334
-14336
-14337
-14338
-14339
-14340
-14346
-14350
-14351
-14353
-14356
-14360
-14361
-14365
-14372
-14374
-14375
-14381
-14382
-14383
-14384
-14397
-14401
-14402
-14416
-14418
-14419
-14420
-14426
-14428
-14430
-14435
-14436
-14441
-14443
-14449
-14452
-14457
-14467
-14469
-14474
-14475
-14479
-14482
-14484
-14485
-14486
-14487
-14488
-14491
-14494
-14498
-14499
-14504
-14505
-14506
-14509
-14511
-14512
-14513
-14515
-14516
-14520
-14524
-14528
-14530
-14533
-14536
-14542
-14546
-14552
-14557
-14559
-14560
-14561
-14563
-14569
-14570
-14572
-14573
-14574
-14575
-14576
-14577
-14578
-14579
-14581
-14583
-14588
-14592
-14594
-14597
-14602
-14607
-14610
-14611
-14613
-14614
-14616
-14619
-14620
-14621
-14629
-14630
-14632
-14633
-14635
-14640
-14643
-14648
-14650
-14656
-14657
-14658
-14662
-14666
-14668
-14676
-14682
-14683
-14685
-14694
-14698
-14699
-14701
-14702
-14713
-14726
-14734
-14736
-14739
-14747
-14752
-14753
-14755
-14756
-14761
-14762
-14763
-14767
-14768
-14777
-14784
-14785
-14786
-14792
-14799
-14800
-14802
-14806
-14809
-14810
-14812
-14813
-14816
-14820
-14826
-14828
-14830
-14831
-14833
-14834
-14835
-14841
-14847
-14849
-14853
-14859
-14862
-14868
-14870
-14876
-14878
-14880
-14881
-14885
-14887
-14888
-14889
-14895
-14896
-14901
-14902
-14909
-14916
-14926
-14928
-14930
-14933
-14936
-14937
-14941
-14943
-14944
-14945
-14947
-14948
-14953
-14957
-14963
-14965
-14973
-14975
-14983
-14985
-14986
-14987
-14994
-14996
-14999
-15004
-15005
-15007
-15008
-15010
-15014
-15019
-15022
-15025
-15032
-15033
-15034
-15036
-15040
-15043
-15052
-15054
-15056
-15062
-15063
-15064
-15066
-15073
-15076
-15082
-15090
-15093
-15098
-15099
-15100
-15104
-15107
-15115
-15126
-15131
-15140
-15146
-15150
-15151
-15153
-15155
-15156
-15157
-15160
-15165
-15166
-15168
-15171
-15176
-15178
-15180
-15182
-15187
-15188
-15198
-15201
-15203
-15207
-15210
-15213
-15219
-15223
-15228
-15240
-15245
-15246
-15252
-15253
-15258
-15259
-15261
-15263
-15267
-15268
-15269
-15270
-15274
-15277
-15278
-15280
-15282
-15283
-15284
-15288
-15291
-15298
-15305
-15306
-15310
-15311
-15312
-15314
-15320
-15321
-15322
-15330
-15333
-15336
-15337
-15343
-15345
-15348
-15356
-15362
-15364
-15365
-15366
-15367
-15369
-15376
-15377
-15378
-15380
-15388
-15396
-15398
-15403
-15412
-15416
-15425
-15426
-15429
-15431
-15434
-15436
-15439
-15445
-15452
-15453
-15457
-15466
-15467
-15469
-15470
-15471
-15472
-15475
-15476
-15478
-15484
-15485
-15488
-15491
-15493
-15494
-15496
-15497
-15505
-15509
-15512
-15515
-15519
-15520
-15523
-15529
-15539
-15540
-15541
-15543
-15545
-15549
-15555
-15556
-15559
-15561
-15562
-15566
-15567
-15569
-15572
-15574
-15579
-15583
-15585
-15586
-15588
-15591
-15593
-15594
-15600
-15603
-15607
-15611
-15612
-15613
-15615
-15617
-15619
-15620
-15622
-15627
-15628
-15632
-15634
-15635
-15637
-15639
-15640
-15641
-15642
-15643
-15644
-15646
-15647
-15653
-15657
-15659
-15660
-15662
-15663
-15667
-15669
-15670
-15673
-15677
-15678
-15679
-15683
-15685
-15686
-15697
-15701
-15703
-15704
-15705
-15707
-15710
-15713
-15719
-15724
-15725
-15727
-15729
-15735
-15740
-15747
-15749
-15758
-15760
-15763
-15766
-15773
-15776
-15779
-15780
-15781
-15782
-15783
-15786
-15788
-15790
-15794
-15808
-15812
-15814
-15815
-15820
-15822
-15825
-15829
-15831
-15832
-15833
-15834
-15839
-15846
-15849
-15852
-15856
-15857
-15861
-15863
-15875
-15876
-15880
-15881
-15883
-15893
-15895
-15900
-15905
-15912
-15916
-15918
-15921
-15923
-15924
-15925
-15931
-15940
-15949
-15950
-15952
-15957
-15958
-15964
-15974
-15977
-15979
-15980
-15983
-15984
-15985
-15987
-15988
-15995
-15996
-15997
-15999
-16002
-16004
-16005
-16009
-16010
-16011
-16012
-16018
-16019
-16022
-16026
-16030
-16034
-16036
-16040
-16044
-16045
-16048
-16049
-16050
-16058
-16060
-16063
-16066
-16070
-16071
-16074
-16077
-16078
-16081
-16088
-16090
-16091
-16095
-16097
-16099
-16101
-16103
-16107
-16108
-16113
-16114
-16117
-16118
-16119
-16124
-16125
-16129
-16134
-16140
-16143
-16153
-16156
-16158
-16160
-16161
-16163
-16166
-16175
-16179
-16182
-16185
-16190
-16191
-16194
-16196
-16197
-16200
-16207
-16218
-16219
-16220
-16222
-16228
-16230
-16232
-16238
-16244
-16245
-16246
-16248
-16249
-16255
-16257
-16258
-16259
-16262
-16269
-16273
-16284
-16285
-16296
-16297
-16304
-16306
-16307
-16308
-16315
-16316
-16319
-16320
-16324
-16325
-16326
-16331
-16337
-16339
-16340
-16343
-16344
-16345
-16347
-16351
-16352
-16353
-16355
-16357
-16367
-16368
-16371
-16372
-16374
-16376
-16378
-16379
-16380
-16387
-16389
-16391
-16392
-16393
-16397
-16398
-16400
-16402
-16404
-16409
-16414
-16416
-16417
-16418
-16419
-16420
-16427
-16429
-16431
-16432
-16433
-16437
-16440
-16443
-16445
-16447
-16448
-16450
-16451
-16455
-16460
-16461
-16465
-16474
-16475
-16476
-16477
-16479
-16485
-16486
-16490
-16491
-16492
-16493
-16494
-16497
-16498
-16500
-16501
-16505
-16506
-16508
-16510
-16517
-16523
-16525
-16526
-16527
-16531
-16532
-16536
-16537
-16539
-16545
-16550
-16551
-16555
-16556
-16557
-16558
-16565
-16589
-16590
-16593
-16594
-16595
-16599
-16601
-16605
-16606
-16609
-16610
-16616
-16618
-16619
-16626
-16627
-16631
-16632
-16633
-16638
-16640
-16641
-16642
-16646
-16647
-16651
-16655
-16658
-16661
-16662
-16669
-16672
-16673
-16677
-16680
-16682
-16683
-16684
-16688
-16690
-16691
-16697
-16698
-16706
-16714
-16715
-16718
-16719
-16720
-16724
-16727
-16729
-16734
-16735
-16736
-16740
-16742
-16743
-16745
-16746
-16747
-16752
-16754
-16756
-16762
-16768
-16770
-16773
-16776
-16780
-16781
-16782
-16786
-16789
-16790
-16791
-16793
-16795
-16796
-16797
-16798
-16802
-16803
-16806
-16822
-16823
-16826
-16829
-16832
-16837
-16838
-16843
-16847
-16848
-16849
-16852
-16855
-16858
-16860
-16863
-16877
-16886
-16889
-16891
-16897
-16898
-16899
-16902
-16904
-16910
-16912
-16913
-16920
-16923
-16927
-16929
-16932
-16935
-16937
-16938
-16951
-16953
-16954
-16956
-16958
-16959
-16963
-16969
-16970
-16975
-16978
-16987
-16988
-16989
-16992
-16994
-17001
-17007
-17010
-17014
-17017
-17026
-17027
-17028
-17033
-17038
-17039
-17047
-17049
-17050
-17052
-17053
-17055
-17056
-17060
-17063
-17066
-17069
-17070
-17071
-17073
-17078
-17080
-17081
-17082
-17087
-17091
-17095
-17099
-17100
-17105
-17113
-17114
-17115
-17116
-17117
-17120
-17121
-17122
-17123
-17124
-17130
-17132
-17133
-17134
-17141
-17142
-17145
-17148
-17151
-17153
-17154
-17157
-17158
-17161
-17162
-17163
-17168
-17169
-17170
-17176
-17177
-17182
-17184
-17185
-17188
-17192
-17195
-17196
-17198
-17202
-17207
-17213
-17218
-17220
-17223
-17232
-17235
-17239
-17240
-17241
-17250
-17252
-17263
-17266
-17267
-17269
-17271
-17272
-17273
-17278
-17279
-17281
-17282
-17286
-17290
-17291
-17295
-17296
-17302
-17304
-17305
-17309
-17311
-17312
-17313
-17320
-17321
-17328
-17333
-17337
-17340
-17341
-17342
-17343
-17346
-17350
-17352
-17356
-17358
-17359
-17362
-17363
-17364
-17370
-17372
-17375
-17376
-17380
-17387
-17388
-17389
-17391
-17397
-17398
-17400
-17403
-17407
-17409
-17412
-17414
-17415
-17417
-17421
-17424
-17426
-17435
-17439
-17448
-17449
-17452
-17456
-17462
-17463
-17466
-17467
-17473
-17476
-17478
-17486
-17488
-17491
-17498
-17500
-17505
-17508
-17510
-17515
-17521
-17527
-17530
-17536
-17539
-17544
-17545
-17547
-17555
-17556
-17570
-17574
-17582
-17584
-17585
-17586
-17587
-17591
-17605
-17607
-17609
-17610
-17614
-17618
-17621
-17623
-17624
-17633
-17634
-17639
-17642
-17646
-17649
-17650
-17655
-17656
-17660
-17665
-17667
-17679
-17684
-17689
-17691
-17693
-17698
-17700
-17704
-17711
-17714
-17716
-17725
-17732
-17740
-17741
-17748
-17751
-17752
-17754
-17759
-17760
-17761
-17764
-17771
-17774
-17784
-17789
-17791
-17796
-17808
-17812
-17814
-17817
-17819
-17831
-17833
-17834
-17836
-17839
-17840
-17846
-17847
-17855
-17862
-17863
-17864
-17865
-17867
-17870
-17871
-17872
-17876
-17880
-17881
-17883
-17893
-17897
-17898
-17905
-17913
-17915
-17917
-17922
-17923
-17924
-17932
-17936
-17940
-17941
-17944
-17947
-17948
-17954
-17958
-17962
-17963
-17969
-17977
-17980
-17988
-17989
-17994
-17995
-17999
-18000
-18004
-18008
-18016
-18020
-18021
-18024
-18028
-18040
-18048
-18050
-18052
-18053
-18054
-18056
-18061
-18066
-18072
-18076
-18077
-18078
-18079
-18085
-18086
-18089
-18098
-18104
-18105
-18108
-18110
-18115
-18121
-18122
-18130
-18139
-18141
-18142
-18145
-18149
-18151
-18153
-18157
-18158
-18159
-18160
-18161
-18165
-18169
-18172
-18177
-18178
-18184
-18189
-18191
-18192
-18193
-18194
-18197
-18198
-18203
-18209
-18212
-18213
-18215
-18220
-18221
-18230
-18236
-18238
-18239
-18242
-18244
-18246
-18248
-18249
-18252
-18257
-18258
-18264
-18267
-18273
-18276
-18277
-18280
-18281
-18284
-18286
-18291
-18293
-18296
-18297
-18301
-18311
-18312
-18316
-18317
-18318
-18323
-18332
-18334
-18345
-18347
-18371
-18373
-18374
-18377
-18384
-18385
-18393
-18399
-18400
-18401
-18402
-18404
-18408
-18413
-18415
-18418
-18423
-18424
-18425
-18426
-18429
-18432
-18436
-18437
-18441
-18451
-18454
-18455
-18456
-18458
-18459
-18462
-18463
-18469
-18475
-18479
-18480
-18485
-18486
-18488
-18489
-18490
-18507
-18511
-18519
-18523
-18527
-18531
-18540
-18542
-18545
-18554
-18560
-18561
-18562
-18566
-18567
-18570
-18574
-18575
-18576
-18577
-18578
-18583
-18595
-18601
-18603
-18605
-18608
-18617
-18631
-18636
-18637
-18642
-18646
-18648
-18650
-18655
-18657
-18661
-18663
-18667
-18669
-18670
-18671
-18684
-18689
-18690
-18691
-18694
-18695
-18699
-18706
-18714
-18715
-18716
-18718
-18721
-18723
-18724
-18733
-18735
-18746
-18749
-18750
-18753
-18756
-18760
-18761
-18762
-18763
-18764
-18765
-18767
-18770
-18774
-18777
-18780
-18781
-18782
-18783
-18785
-18787
-18788
-18789
-18791
-18792
-18794
-18798
-18807
-18810
-18813
-18814
-18817
-18821
-18825
-18829
-18830
-18834
-18836
-18842
-18843
-18847
-18848
-18852
-18855
-18859
-18865
-18874
-18877
-18881
-18883
-18885
-18888
-18889
-18894
-18895
-18896
-18901
-18902
-18904
-18906
-18907
-18908
-18915
-18916
-18921
-18923
-18934
-18936
-18937
-18939
-18942
-18952
-18953
-18954
-18957
-18960
-18961
-18964
-18966
-18969
-18971
-18974
-18975
-18976
-18977
-18991
-19000
-19004
-19006
-19008
-19015
-19019
-19020
-19021
-19026
-19027
-19029
-19030
-19034
-19035
-19037
-19040
-19041
-19043
-19044
-19047
-19049
-19052
-19055
-19063
-19065
-19071
-19072
-19073
-19076
-19081
-19082
-19087
-19088
-19089
-19090
-19091
-19094
-19096
-19097
-19103
-19105
-19110
-19112
-19113
-19122
-19130
-19131
-19140
-19150
-19155
-19156
-19159
-19161
-19162
-19165
-19169
-19173
-19176
-19179
-19186
-19187
-19193
-19195
-19196
-19198
-19213
-19215
-19216
-19220
-19222
-19224
-19228
-19233
-19244
-19245
-19246
-19253
-19257
-19259
-19265
-19266
-19270
-19274
-19284
-19286
-19287
-19290
-19292
-19293
-19294
-19302
-19303
-19309
-19314
-19318
-19319
-19320
-19321
-19324
-19325
-19327
-19332
-19336
-19340
-19341
-19342
-19345
-19349
-19351
-19353
-19355
-19359
-19363
-19366
-19367
-19373
-19375
-19376
-19377
-19378
-19380
-19383
-19385
-19386
-19391
-19399
-19400
-19409
-19416
-19419
-19420
-19425
-19427
-19429
-19431
-19435
-19438
-19441
-19443
-19448
-19449
-19450
-19451
-19456
-19462
-19472
-19475
-19478
-19480
-19481
-19485
-19490
-19492
-19505
-19510
-19513
-19514
-19522
-19527
-19530
-19531
-19532
-19535
-19536
-19537
-19538
-19540
-19541
-19545
-19546
-19547
-19552
-19554
-19557
-19559
-19560
-19563
-19569
-19570
-19574
-19579
-19583
-19585
-19586
-19588
-19591
-19593
-19599
-19607
-19612
-19614
-19616
-19617
-19620
-19624
-19631
-19639
-19641
-19643
-19647
-19648
-19649
-19653
-19657
-19659
-19660
-19661
-19669
-19670
-19674
-19679
-19680
-19696
-19698
-19702
-19704
-19706
-19708
-19710
-19712
-19713
-19718
-19722
-19723
-19727
-19729
-19731
-19732
-19739
-19743
-19747
-19750
-19752
-19765
-19775
-19776
-19779
-19784
-19790
-19793
-19804
-19810
-19811
-19813
-19818
-19819
-19825
-19827
-19830
-19831
-19834
-19837
-19844
-19849
-19852
-19854
-19855
-19861
-19862
-19866
-19867
-19874
-19875
-19877
-19878
-19879
-19881
-19882
-19883
-19884
-19885
-19888
-19892
-19894
-19897
-19898
-19900
-19902
-19904
-19906
-19911
-19914
-19919
-19922
-19923
-19924
-19928
-19930
-19935
-19941
-19944
-19952
-19955
-19957
-19965
-19970
-19971
-19972
-19984
-19986
-19988
-19989
-19990
-19995
-19999
-20000
