10000
-20000
-19999
-19994
-19991
-19989
-19986
-19979
-19978
-19977
-19975
-19973
-19972
-19970
-19969
-19966
-19958
-19951
-19949
-19945
-19943
-19935
-19933
-19932
-19931
-19927
-19923
-19922
-19917
-19911
-19904
-19902
-19898
-19893
-19891
-19889
-19888
-19885
-19883
-19878
-19875
-19873
-19872
-19870
-19866
-19861
-19860
-19857
-19855
-19853
-19851
-19845
-19841
-19837
-19833
-19832
-19829
-19827
-19825
-19822
-19812
-19810
-19808
-19796
-19789
-19782
-19751
-19748
-19746
-19743
-19741
-19739
-19738
-19736
-19734
-19733
-19730
-19725
-19722
-19721
-19718
-19716
-19714
-19713
-19710
-19709
-19705
-19701
-19699
-19698
-19693
-19692
-19690
-19689
-19688
-19686
-19683
-19679
-19677
-19674
-19672
-19669
-19664
-19663
-19662
-19660
-19659
-19658
-19645
-19643
-19641
-19640
-19637
-19632
-19628
-19627
-19625
-19619
-19613
-19611
-19605
-19603
-19601
-19600
-19598
-19596
-19595
-19594
-19593
-19588
-19584
-19582
-19579
-19570
-19568
-19567
-19559
-19555
-19543
-19538
-19536
-19535
-19534
-19533
-19532
-19530
-19526
-19524
-19523
-19522
-19519
-19513
-19512
-19505
-19504
-19502
-19495
-19494
-19487
-19482
-19481
-19479
-19478
-19477
-19476
-19475
-19474
-19468
-19462
-19454
-19450
-19449
-19448
-19447
-19446
-19443
-19436
-19430
-19427
-19424
-19411
-19408
-19405
-19400
-19394
-19387
-19385
-19379
-19378
-19376
-19372
-19370
-19367
-19366
-19360
-19358
-19349
-19345
-19344
-19334
-19330
-19326
-19318
-19314
-19312
-19301
-19298
-19294
-19289
-19285
-19282
-19279
-19277
-19271
-19263
-19262
-19256
-19254
-19250
-19249
-19248
-19246
-19245
-19233
-19230
-19226
-19222
-19217
-19215
-19212
-19201
-19198
-19197
-19193
-19188
-19187
-19186
-19181
-19180
-19172
-19169
-19168
-19164
-19162
-19160
-19159
-19158
-19146
-19145
-19144
-19143
-19139
-19134
-19129
-19122
-19119
-19118
-19115
-19113
-19112
-19109
-19108
-19101
-19095
-19093
-19088
-19087
-19085
-19084
-19080
-19078
-19076
-19075
-19066
-19064
-19061
-19056
-19055
-19043
-19042
-19035
-19032
-19029
-19026
-19024
-19022
-19020
-19016
-19012
-19011
-19010
-19009
-19001
-18989
-18988
-18983
-18969
-18968
-18966
-18957
-18956
-18954
-18951
-18949
-18945
-18942
-18941
-18939
-18935
-18934
-18928
-18927
-18918
-18917
-18909
-18904
-18903
-18899
-18890
-18889
-18886
-18878
-18876
-18873
-18871
-18868
-18865
-18864
-18863
-18861
-18856
-18855
-18852
-18851
-18849
-18848
-18847
-18846
-18844
-18843
-18842
-18837
-18836
-18834
-18833
-18823
-18820
-18818
-18816
-18815
-18812
-18807
-18806
-18805
-18799
-18797
-18791
-18786
-18785
-18783
-18782
-18778
-18777
-18776
-18773
-18770
-18769
-18765
-18759
-18755
-18753
-18752
-18746
-18743
-18741
-18739
-18738
-18735
-18734
-18732
-18731
-18723
-18717
-18716
-18712
-18709
-18706
-18705
-18704
-18698
-18694
-18693
-18692
-18691
-18686
-18684
-18683
-18681
-18676
-18671
-18670
-18665
-18662
-18660
-18659
-18652
-18648
-18647
-18645
-18644
-18643
-18642
-18638
-18636
-18634
-18632
-18630
-18627
-18624
-18622
-18621
-18617
-18614
-18611
-18610
-18606
-18601
-18597
-18590
-18589
-18584
-18583
-18573
-18571
-18570
-18552
-18545
-18541
-18539
-18537
-18536
-18532
-18529
-18523
-18521
-18517
-18516
-18512
-18508
-18507
-18504
-18499
-18496
-18493
-18492
-18489
-18486
-18485
-18483
-18474
-18472
-18468
-18467
-18466
-18465
-18464
-18463
-18461
-18460
-18458
-18454
-18446
-18444
-18439
-18428
-18422
-18418
-18417
-18414
-18413
-18410
-18406
-18405
-18403
-18400
-18398
-18395
-18393
-18385
-18384
-18383
-18382
-18380
-18376
-18375
-18374
-18373
-18367
-18365
-18358
-18354
-18353
-18350
-18349
-18344
-18341
-18339
-18334
-18332
-18330
-18325
-18323
-18318
-18317
-18313
-18310
-18306
-18305
-18304
-18302
-18301
-18300
-18299
-18296
-18295
-18293
-18290
-18289
-18288
-18281
-18280
-18278
-18265
-18263
-18257
-18256
-18253
-18248
-18242
-18232
-18231
-18226
-18210
-18205
-18197
-18196
-18193
-18192
-18191
-18189
-18187
-18186
-18175
-18174
-18173
-18171
-18166
-18160
-18158
-18157
-18156
-18154
-18152
-18151
-18148
-18143
-18141
-18135
-18133
-18130
-18125
-18124
-18123
-18121
-18118
-18108
-18102
-18100
-18091
-18088
-18084
-18081
-18078
-18075
-18073
-18069
-18068
-18066
-18065
-18064
-18061
-18058
-18053
-18052
-18051
-18049
-18048
-18047
-18043
-18042
-18041
-18040
-18039
-18032
-18030
-18027
-18022
-18017
-18016
-18015
-18013
-18011
-18001
-18000
-17998
-17997
-17996
-17995
-17994
-17990
-17988
-17985
-17982
-17978
-17977
-17976
-17975
-17971
-17955
-17946
-17943
-17942
-17939
-17933
-17926
-17916
-17915
-17912
-17911
-17907
-17904
-17903
-17896
-17895
-17885
-17882
-17876
-17874
-17870
-17869
-17867
-17865
-17862
-17861
-17855
-17852
-17847
-17844
-17839
-17834
-17833
-17831
-17829
-17825
-17824
-17823
-17818
-17813
-17812
-17811
-17810
-17809
-17808
-17806
-17796
-17789
-17787
-17786
-17779
-17778
-17777
-17776
-17772
-17771
-17770
-17769
-17768
-17763
-17762
-17755
-17754
-17751
-17749
-17746
-17743
-17739
-17738
-17731
-17730
-17726
-17725
-17719
-17715
-17712
-17707
-17706
-17703
-17702
-17700
-17698
-17691
-17687
-17683
-17677
-17676
-17675
-17674
-17673
-17672
-17669
-17668
-17664
-17654
-17651
-17640
-17637
-17633
-17631
-17622
-17619
-17611
-17608
-17599
-17598
-17597
-17596
-17592
-17588
-17586
-17583
-17582
-17578
-17575
-17571
-17566
-17558
-17557
-17556
-17555
-17553
-17551
-17540
-17534
-17533
-17532
-17528
-17527
-17526
-17519
-17510
-17508
-17497
-17495
-17490
-17485
-17475
-17473
-17469
-17468
-17465
-17461
-17460
-17459
-17457
-17454
-17452
-17451
-17448
-17447
-17445
-17444
-17434
-17432
-17431
-17426
-17424
-17423
-17415
-17414
-17409
-17407
-17405
-17403
-17402
-17401
-17399
-17394
-17391
-17390
-17385
-17383
-17382
-17374
-17362
-17359
-17354
-17353
-17351
-17348
-17346
-17343
-17339
-17337
-17335
-17334
-17333
-17331
-17330
-17329
-17328
-17323
-17322
-17321
-17320
-17315
-17306
-17305
-17303
-17300
-17298
-17297
-17290
-17287
-17286
-17285
-17284
-17283
-17276
-17273
-17272
-17271
-17270
-17265
-17262
-17261
-17260
-17259
-17254
-17237
-17234
-17227
-17225
-17220
-17219
-17218
-17211
-17203
-17200
-17190
-17185
-17184
-17172
-17170
-17168
-17167
-17166
-17155
-17153
-17152
-17151
-17149
-17147
-17145
-17143
-17139
-17128
-17126
-17124
-17122
-17121
-17119
-17118
-17117
-17116
-17111
-17110
-17109
-17104
-17098
-17097
-17096
-17095
-17093
-17089
-17088
-17085
-17082
-17081
-17068
-17063
-17058
-17057
-17049
-17047
-17042
-17039
-17037
-17031
-17029
-17028
-17024
-17022
-17020
-17017
-17014
-17007
-17006
-17003
-16993
-16992
-16990
-16988
-16982
-16979
-16976
-16975
-16970
-16969
-16967
-16965
-16963
-16959
-16957
-16956
-16952
-16950
-16945
-16944
-16941
-16940
-16938
-16937
-16930
-16927
-16923
-16922
-16915
-16912
-16911
-16910
-16906
-16905
-16904
-16903
-16902
-16900
-16898
-16897
-16891
-16888
-16887
-16885
-16881
-16880
-16874
-16871
-16862
-16861
-16856
-16854
-16849
-16848
-16846
-16841
-16829
-16827
-16826
-16825
-16824
-16823
-16820
-16818
-16814
-16812
-16810
-16800
-16795
-16792
-16791
-16789
-16785
-16779
-16775
-16771
-16770
-16762
-16760
-16757
-16756
-16752
-16748
-16746
-16744
-16743
-16740
-16738
-16732
-16731
-16727
-16725
-16717
-16715
-16714
-16712
-16707
-16701
-16698
-16695
-16694
-16691
-16690
-16688
-16686
-16678
-16677
-16675
-16674
-16670
-16666
-16664
-16658
-16657
-16656
-16654
-16649
-16647
-16636
-16633
-16631
-16627
-16623
-16611
-16609
-16605
-16604
-16601
-16598
-16595
-16592
-16590
-16587
-16584
-16583
-16581
-16578
-16577
-16575
-16569
-16564
-16560
-16559
-16557
-16549
-16541
-16534
-16520
-16519
-16516
-16514
-16507
-16505
-16501
-16498
-16492
-16488
-16487
-16486
-16482
-16481
-16478
-16475
-16473
-16471
-16464
-16461
-16460
-16457
-16456
-16449
-16446
-16442
-16441
-16439
-16432
-16431
-16430
-16428
-16422
-16421
-16420
-16419
-16415
-16413
-16412
-16408
-16405
-16403
-16401
-16400
-16397
-16396
-16393
-16388
-16387
-16385
-16384
-16383
-16381
-16379
-16378
-16375
-16372
-16367
-16364
-16362
-16349
-16347
-16345
-16342
-16340
-16329
-16323
-16320
-16318
-16307
-16305
-16304
-16303
-16294
-16292
-16289
-16287
-16286
-16285
-16281
-16280
-16278
-16276
-16275
-16274
-16273
-16271
-16270
-16269
-16263
-16262
-16258
-16255
-16253
-16248
-16245
-16244
-16240
-16237
-16235
-16234
-16233
-16227
-16218
-16215
-16205
-16204
-16201
-16199
-16196
-16192
-16191
-16189
-16180
-16179
-16171
-16165
-16163
-16162
-16158
-16157
-16154
-16153
-16151
-16147
-16144
-16143
-16142
-16135
-16132
-16122
-16121
-16120
-16117
-16115
-16112
-16106
-16105
-16102
-16095
-16093
-16089
-16088
-16085
-16084
-16083
-16082
-16081
-16079
-16078
-16075
-16074
-16072
-16068
-16066
-16061
-16060
-16056
-16055
-16054
-16053
-16045
-16044
-16041
-16036
-16029
-16025
-16021
-16016
-16002
-16000
-15997
-15995
-15991
-15989
-15985
-15982
-15981
-15975
-15972
-15968
-15967
-15965
-15961
-15950
-15949
-15948
-15945
-15941
-15940
-15937
-15933
-15930
-15925
-15916
-15914
-15907
-15906
-15895
-15894
-15889
-15885
-15883
-15876
-15868
-15863
-15862
-15861
-15857
-15853
-15848
-15841
-15836
-15835
-15833
-15830
-15814
-15813
-15811
-15809
-15808
-15806
-15799
-15796
-15795
-15794
-15792
-15791
-15784
-15782
-15777
-15776
-15775
-15774
-15773
-15771
-15766
-15758
-15757
-15756
-15755
-15753
-15751
-15744
-15739
-15736
-15734
-15732
-15722
-15721
-15718
-15715
-15714
-15712
-15709
-15704
-15700
-15699
-15697
-15695
-15694
-15693
-15692
-15687
-15683
-15679
-15673
-15672
-15669
-15667
-15666
-15651
-15649
-15647
-15642
-15641
-15638
-15637
-15633
-15620
-15619
-15616
-15613
-15612
-15611
-15610
-15606
-15604
-15603
-15601
-15598
-15596
-15591
-15590
-15585
-15582
-15578
-15577
-15571
-15569
-15568
-15566
-15562
-15558
-15554
-15550
-15548
-15544
-15542
-15538
-15535
-15531
-15527
-15526
-15522
-15520
-15517
-15515
-15512
-15511
-15509
-15507
-15501
-15495
-15493
-15492
-15483
-15480
-15478
-15477
-15474
-15471
-15470
-15468
-15465
-15464
-15463
-15459
-15458
-15455
-15454
-15451
-15443
-15437
-15431
-15429
-15426
-15424
-15423
-15420
-15419
-15416
-15409
-15407
-15405
-15397
-15395
-15394
-15393
-15392
-15391
-15390
-15388
-15387
-15382
-15377
-15376
-15374
-15370
-15368
-15364
-15363
-15356
-15355
-15354
-15350
-15348
-15345
-15344
-15342
-15327
-15326
-15319
-15315
-15308
-15306
-15305
-15295
-15293
-15291
-15289
-15288
-15287
-15286
-15280
-15278
-15276
-15270
-15268
-15267
-15266
-15259
-15256
-15252
-15249
-15246
-15242
-15241
-15240
-15235
-15224
-15218
-15214
-15209
-15203
-15199
-15198
-15196
-15188
-15187
-15180
-15175
-15171
-15170
-15169
-15164
-15149
-15148
-15147
-15141
-15139
-15135
-15134
-15131
-15128
-15123
-15122
-15118
-15116
-15113
-15109
-15107
-15106
-15104
-15101
-15100
-15098
-15095
-15094
-15093
-15092
-15091
-15088
-15086
-15085
-15083
-15082
-15078
-15074
-15063
-15059
-15058
-15057
-15056
-15052
-15041
-15038
-15035
-15034
-15031
-15030
-15029
-15028
-15027
-15025
-15016
-15009
-15006
-15003
-15000
-14997
-14996
-14994
-14988
-14981
-14980
-14978
-14976
-14974
-14973
-14970
-14965
-14964
-14959
-14956
-14953
-14944
-14943
-14941
-14939
-14938
-14935
-14934
-14933
-14930
-14929
-14928
-14923
-14914
-14912
-14911
-14910
-14909
-14907
-14904
-14903
-14893
-14889
-14888
-14877
-14876
-14875
-14874
-14866
-14865
-14861
-14854
-14848
-14845
-14839
-14830
-14829
-14828
-14802
-14799
-14797
-14794
-14786
-14779
-14778
-14776
-14774
-14771
-14767
-14765
-14762
-14760
-14743
-14740
-14739
-14738
-14733
-14727
-14725
-14721
-14720
-14718
-14712
-14704
-14702
-14698
-14697
-14693
-14691
-14689
-14687
-14681
-14680
-14678
-14675
-14673
-14670
-14667
-14665
-14654
-14651
-14645
-14634
-14632
-14624
-14622
-14621
-14618
-14617
-14614
-14611
-14604
-14602
-14599
-14597
-14596
-14594
-14592
-14590
-14589
-14586
-14583
-14580
-14577
-14573
-14571
-14569
-14565
-14563
-14560
-14559
-14556
-14552
-14551
-14550
-14547
-14544
-14543
-14542
-14538
-14537
-14535
-14533
-14532
-14531
-14530
-14527
-14521
-14518
-14512
-14509
-14508
-14498
-14496
-14494
-14492
-14490
-14487
-14483
-14482
-14480
-14472
-14469
-14466
-14465
-14460
-14457
-14456
-14454
-14453
-14450
-14440
-14438
-14435
-14428
-14426
-14424
-14418
-14416
-14415
-14414
-14412
-14408
-14407
-14405
-14395
-14394
-14393
-14386
-14383
-14380
-14377
-14376
-14369
-14364
-14362
-14360
-14359
-14346
-14345
-14342
-14333
-14331
-14330
-14327
-14320
-14318
-14310
-14305
-14299
-14286
-14285
-14278
-14275
-14269
-14265
-14262
-14260
-14258
-14254
-14250
-14249
-14248
-14247
-14246
-14244
-14242
-14239
-14228
-14227
-14220
-14218
-14211
-14195
-14191
-14189
-14187
-14183
-14174
-14168
-14167
-14162
-14158
-14154
-14153
-14149
-14142
-14140
-14137
-14134
-14129
-14126
-14122
-14117
-14116
-14114
-14113
-14106
-14103
-14102
-14101
-14099
-14096
-14093
-14089
-14088
-14083
-14082
-14081
-14080
-14079
-14076
-14075
-14070
-14069
-14065
-14060
-14051
-14050
-14048
-14040
-14037
-14032
-14026
-14025
-14024
-14023
-14022
-14021
-14016
-14007
-14005
-13992
-13991
-13989
-13980
-13977
-13976
-13974
-13973
-13972
-13970
-13964
-13960
-13954
-13951
-13946
-13944
-13943
-13940
-13939
-13938
-13929
-13925
-13916
-13914
-13912
-13905
-13900
-13898
-13894
-13887
-13886
-13885
-13884
-13882
-13879
-13878
-13876
-13874
-13872
-13869
-13863
-13858
-13856
-13853
-13849
-13848
-13847
-13837
-13836
-13834
-13825
-13823
-13820
-13818
-13815
-13809
-13805
-13802
-13801
-13799
-13798
-13797
-13786
-13778
-13773
-13771
-13759
-13753
-13747
-13742
-13737
-13736
-13729
-13727
-13725
-13719
-13713
-13707
-13701
-13697
-13696
-13694
-13693
-13692
-13686
-13685
-13682
-13680
-13677
-13670
-13669
-13666
-13662
-13655
-13653
-13652
-13651
-13649
-13648
-13647
-13644
-13643
-13639
-13634
-13632
-13630
-13624
-13619
-13614
-13613
-13612
-13611
-13602
-13598
-13596
-13592
-13589
-13584
-13582
-13581
-13575
-13573
-13572
-13570
-13569
-13564
-13562
-13561
-13560
-13553
-13549
-13546
-13545
-13532
-13529
-13520
-13518
-13515
-13513
-13511
-13510
-13509
-13507
-13505
-13501
-13498
-13495
-13490
-13485
-13480
-13478
-13470
-13469
-13467
-13465
-13464
-13459
-13458
-13457
-13456
-13455
-13454
-13453
-13447
-13443
-13441
-13437
-13433
-13431
-13429
-13427
-13426
-13421
-13420
-13419
-13411
-13410
-13408
-13407
-13404
-13399
-13397
-13395
-13388
-13385
-13383
-13382
-13377
-13375
-13374
-13361
-13360
-13359
-13358
-13357
-13355
-13352
-13344
-13340
-13339
-13337
-13335
-13327
-13326
-13315
-13314
-13313
-13301
-13300
-13295
-13293
-13292
-13286
-13285
-13279
-13278
-13277
-13275
-13274
-13273
-13272
-13263
-13259
-13251
-13250
-13247
-13235
-13223
-13219
-13218
-13217
-13216
-13214
-13211
-13207
-13206
-13205
-13204
-13197
-13191
-13187
-13183
-13181
-13177
-13176
-13173
-13172
-13168
-13162
-13157
-13153
-13151
-13143
-13133
-13132
-13131
-13127
-13126
-13117
-13114
-13110
-13105
-13104
-13100
-13097
-13094
-13093
-13083
-13072
-13071
-13070
-13064
-13060
-13056
-13055
-13054
-13048
-13047
-13044
-13043
-13038
-13035
-13028
-13026
-13025
-13018
-13014
-13007
-13005
-13001
-12996
-12990
-12987
-12980
-12979
-12973
-12969
-12963
-12959
-12958
-12954
-12948
-12947
-12944
-12943
-12942
-12938
-12937
-12934
-12932
-12931
-12929
-12927
-12925
-12916
-12907
-12906
-12904
-12902
-12894
-12891
-12889
-12882
-12881
-12880
-12877
-12869
-12868
-12865
-12859
-12857
-12856
-12853
-12851
-12850
-12837
-12835
-12834
-12833
-12828
-12827
-12824
-12823
-12819
-12817
-12816
-12815
-12814
-12811
-12808
-12807
-12806
-12805
-12802
-12796
-12793
-12792
-12791
-12790
-12789
-12787
-12786
-12785
-12784
-12781
-12776
-12763
-12762
-12761
-12759
-12758
-12754
-12753
-12743
-12742
-12741
-12740
-12734
-12730
-12729
-12726
-12724
-12712
-12704
-12702
-12698
-12697
-12696
-12692
-12689
-12677
-12673
-12668
-12666
-12664
-12660
-12659
-12643
-12642
-12640
-12635
-12633
-12629
-12623
-12622
-12619
-12618
-12611
-12610
-12609
-12603
-12599
-12598
-12596
-12595
-12594
-12591
-12583
-12582
-12580
-12578
-12570
-12559
-12558
-12553
-12549
-12548
-12545
-12544
-12536
-12535
-12534
-12532
-12531
-12529
-12525
-12519
-12514
-12513
-12511
-12508
-12507
-12506
-12505
-12503
-12498
-12490
-12489
-12486
-12483
-12482
-12480
-12478
-12476
-12475
-12467
-12466
-12464
-12463
-12459
-12458
-12456
-12446
-12445
-12443
-12440
-12438
-12434
-12432
-12426
-12425
-12424
-12422
-12416
-12414
-12410
-12408
-12402
-12401
-12400
-12396
-12394
-12392
-12385
-12383
-12382
-12381
-12375
-12374
-12373
-12362
-12359
-12358
-12351
-12350
-12347
-12344
-12338
-12336
-12334
-12331
-12330
-12326
-12322
-12321
-12320
-12316
-12315
-12312
-12311
-12310
-12309
-12297
-12293
-12292
-12290
-12289
-12280
-12274
-12272
-12268
-12267
-12265
-12261
-12260
-12257
-12254
-12248
-12245
-12244
-12243
-12242
-12240
-12232
-12230
-12229
-12228
-12224
-12223
-12220
-12219
-12218
-12215
-12211
-12210
-12205
-12201
-12200
-12196
-12185
-12184
-12183
-12178
-12175
-12168
-12167
-12160
-12157
-12156
-12155
-12151
-12147
-12145
-12143
-12142
-12137
-12133
-12132
-12125
-12122
-12120
-12119
-12116
-12109
-12107
-12104
-12102
-12100
-12097
-12095
-12093
-12090
-12073
-12071
-12069
-12065
-12061
-12055
-12054
-12052
-12051
-12043
-12040
-12037
-12034
-12033
-12027
-12026
-12017
-12013
-12011
-12010
-12008
-12007
-12005
-12001
-11999
-11997
-11993
-11992
-11990
-11980
-11979
-11971
-11970
-11966
-11963
-11959
-11958
-11957
-11953
-11950
-11948
-11943
-11942
-11940
-11939
-11938
-11935
-11934
-11933
-11932
-11930
-11927
-11924
-11923
-11917
-11916
-11914
-11912
-11908
-11905
-11903
-11901
-11900
-11892
-11891
-11886
-11883
-11882
-11881
-11880
-11871
-11869
-11866
-11865
-11863
-11862
-11860
-11859
-11857
-11855
-11849
-11848
-11844
-11843
-11836
-11835
-11833
-11830
-11818
-11815
-11812
-11810
-11806
-11805
-11803
-11799
-11794
-11792
-11784
-11783
-11781
-11780
-11779
-11774
-11771
-11767
-11765
-11764
-11760
-11758
-11756
-11751
-11745
-11743
-11742
-11741
-11740
-11739
-11732
-11725
-11724
-11719
-11718
-11712
-11711
-11710
-11709
-11705
-11700
-11698
-11692
-11690
-11689
-11687
-11685
-11681
-11680
-11679
-11674
-11670
-11666
-11663
-11654
-11653
-11651
-11647
-11645
-11644
-11638
-11634
-11632
-11631
-11622
-11621
-11619
-11614
-11613
-11610
-11607
-11606
-11605
-11600
-11597
-11595
-11583
-11580
-11579
-11578
-11575
-11573
-11572
-11569
-11568
-11566
-11561
-11555
-11554
-11551
-11547
-11539
-11536
-11527
-11525
-11520
-11519
-11517
-11514
-11512
-11511
-11509
-11508
-11507
-11504
-11487
-11485
-11480
-11478
-11474
-11473
-11470
-11469
-11464
-11463
-11454
-11451
-11448
-11442
-11439
-11437
-11434
-11425
-11422
-11420
-11419
-11417
-11403
-11401
-11398
-11396
-11395
-11394
-11392
-11390
-11387
-11384
-11382
-11378
-11375
-11373
-11372
-11371
-11370
-11365
-11364
-11363
-11359
-11358
-11354
-11352
-11349
-11346
-11335
-11334
-11332
-11331
-11324
-11321
-11319
-11318
-11316
-11315
-11312
-11310
-11308
-11307
-11304
-11301
-11299
-11296
-11295
-11294
-11293
-11290
-11288
-11286
-11279
-11275
-11274
-11273
-11272
-11271
-11267
-11266
-11261
-11256
-11255
-11253
-11248
-11247
-11245
-11238
-11232
-11229
-11226
-11225
-11224
-11219
-11215
-11214
-11211
-11210
-11209
-11204
-11201
-11199
-11196
-11182
-11179
-11178
-11170
-11167
-11165
-11163
-11160
-11147
-11146
-11134
-11129
-11123
-11119
-11118
-11116
-11111
-11108
-11106
-11105
-11103
-11099
-11092
-11090
-11087
-11086
-11085
-11074
-11072
-11065
-11061
-11054
-11047
-11044
-11041
-11039
-11035
-11034
-11033
-11030
-11028
-11027
-11025
-11021
-11005
-11003
-11001
-11000
-10994
-10984
-10980
-10978
-10976
-10975
-10974
-10969
-10966
-10957
-10955
-10951
-10950
-10946
-10944
-10939
-10937
-10935
-10932
-10930
-10927
-10924
-10923
-10922
-10918
-10915
-10914
-10912
-10907
-10906
-10900
-10896
-10895
-10894
-10889
-10886
-10883
-10880
-10879
-10877
-10874
-10873
-10872
-10869
-10865
-10864
-10857
-10856
-10854
-10846
-10845
-10839
-10834
-10833
-10828
-10827
-10819
-10818
-10816
-10815
-10813
-10810
-10806
-10804
-10801
-10793
-10789
-10788
-10783
-10780
-10779
-10765
-10763
-10760
-10759
-10758
-10754
-10753
-10752
-10751
-10748
-10742
-10741
-10734
-10730
-10727
-10718
-10717
-10714
-10713
-10712
-10711
-10709
-10708
-10705
-10700
-10697
-10693
-10691
-10687
-10680
-10678
-10674
-10669
-10668
-10661
-10659
-10648
-10647
-10646
-10642
-10636
-10634
-10633
-10632
-10628
-10623
-10621
-10608
-10605
-10603
-10593
-10591
-10585
-10582
-10581
-10578
-10576
-10566
-10564
-10558
-10554
-10543
-10542
-10541
-10539
-10537
-10534
-10533
-10532
-10529
-10528
-10524
-10523
-10519
-10512
-10511
-10509
-10503
-10496
-10490
-10481
-10476
-10475
-10473
-10471
-10466
-10465
-10463
-10455
-10454
-10450
-10424
-10423
-10418
-10417
-10412
-10409
-10402
-10398
-10396
-10395
-10393
-10375
-10367
-10366
-10365
-10363
-10360
-10357
-10356
-10354
-10352
-10351
-10350
-10348
-10342
-10339
-10338
-10336
-10334
-10330
-10329
-10328
-10325
-10321
-10316
-10315
-10311
-10310
-10306
-10301
-10300
-10294
-10292
-10290
-10289
-10285
-10284
-10282
-10281
-10272
-10266
-10257
-10252
-10250
-10248
-10245
-10238
-10235
-10233
-10226
-10220
-10215
-10214
-10210
-10209
-10206
-10200
-10198
-10195
-10192
-10189
-10186
-10185
-10184
-10182
-10181
-10180
-10178
-10176
-10172
-10169
-10167
-10166
-10165
-10161
-10159
-10157
-10156
-10153
-10151
-10149
-10140
-10139
-10137
-10135
-10134
-10127
-10124
-10120
-10115
-10113
-10104
-10103
-10101
-10099
-10097
-10095
-10089
-10088
-10085
-10083
-10081
-10078
-10077
-10072
-10069
-10065
-10064
-10063
-10061
-10059
-10056
-10051
-10048
-10047
-10044
-10036
-10032
-10030
-10028
-10027
-10026
-10022
-10020
-10017
-10016
-10014
-10013
-10010
-10005
-10003
-10000
-9995
-9993
-9991
-9986
-9985
-9982
-9980
-9974
-9970
-9961
-9959
-9958
-9954
-9953
-9944
-9942
-9941
-9938
-9936
-9932
-9931
-9930
-9928
-9926
-9923
-9921
-9916
-9913
-9911
-9909
-9900
-9899
-9894
-9886
-9884
-9881
-9880
-9879
-9872
-9870
-9869
-9863
-9862
-9860
-9859
-9853
-9846
-9842
-9840
-9838
-9837
-9833
-9825
-9824
-9823
-9819
-9814
-9799
-9796
-9795
-9794
-9786
-9782
-9779
-9775
-9774
-9773
-9771
-9769
-9759
-9757
-9756
-9754
-9749
-9746
-9745
-9743
-9742
-9739
-9736
-9734
-9732
-9731
-9729
-9727
-9715
-9710
-9708
-9698
-9696
-9694
-9689
-9687
-9678
-9676
-9674
-9673
-9670
-9669
-9662
-9659
-9656
-9651
-9649
-9646
-9642
-9633
-9629
-9621
-9615
-9609
-9605
-9604
-9602
-9588
-9587
-9586
-9583
-9582
-9580
-9579
-9573
-9572
-9571
-9570
-9567
-9564
-9562
-9556
-9554
-9542
-9536
-9535
-9534
-9531
-9528
-9524
-9521
-9520
-9517
-9516
-9512
-9506
-9502
-9501
-9498
-9497
-9496
-9490
-9489
-9479
-9477
-9474
-9464
-9463
-9457
-9456
-9447
-9443
-9441
-9439
-9434
-9430
-9422
-9419
-9417
-9410
-9404
-9403
-9402
-9398
-9396
-9395
-9389
-9386
-9383
-9381
-9380
-9375
-9374
-9373
-9366
-9365
-9364
-9357
-9349
-9346
-9343
-9342
-9334
-9332
-9330
-9329
-9327
-9326
-9325
-9319
-9314
-9309
-9308
-9307
-9304
-9301
-9300
-9294
-9292
-9285
-9284
-9281
-9277
-9265
-9259
-9255
-9254
-9253
-9250
-9243
-9242
-9240
-9239
-9236
-9234
-9233
-9229
-9228
-9227
-9226
-9224
-9221
-9219
-9217
-9214
-9213
-9210
-9209
-9206
-9200
-9199
-9197
-9195
-9193
-9191
-9189
-9187
-9182
-9172
-9168
-9162
-9160
-9157
-9156
-9153
-9152
-9137
-9136
-9134
-9125
-9123
-9119
-9117
-9113
-9112
-9111
-9105
-9103
-9102
-9099
-9097
-9093
-9085
-9083
-9080
-9077
-9068
-9067
-9065
-9064
-9062
-9058
-9056
-9055
-9052
-9046
-9042
-9041
-9037
-9035
-9030
-9024
-9021
-9015
-9012
-9011
-9010
-9008
-9000
-8999
-8990
-8986
-8982
-8975
-8970
-8969
-8968
-8966
-8960
-8957
-8956
-8955
-8948
-8943
-8942
-8940
-8930
-8928
-8920
-8917
-8914
-8913
-8904
-8903
-8900
-8896
-8894
-8890
-8886
-8885
-8876
-8871
-8870
-8869
-8866
-8864
-8860
-8859
-8857
-8856
-8849
-8843
-8839
-8830
-8822
-8819
-8816
-8815
-8808
-8804
-8802
-8800
-8798
-8796
-8789
-8786
-8781
-8780
-8777
-8772
-8770
-8755
-8751
-8747
-8743
-8737
-8733
-8731
-8728
-8725
-8724
-8719
-8716
-8715
-8714
-8695
-8692
-8691
-8690
-8682
-8681
-8679
-8677
-8664
-8662
-8655
-8650
-8647
-8640
-8638
-8633
-8630
-8629
-8625
-8623
-8617
-8615
-8596
-8595
-8593
-8592
-8588
-8585
-8581
-8574
-8573
-8566
-8565
-8560
-8556
-8553
-8551
-8545
-8540
-8533
-8529
-8527
-8522
-8521
-8519
-8518
-8517
-8513
-8507
-8503
-8502
-8499
-8498
-8496
-8495
-8492
-8489
-8484
-8476
-8471
-8470
-8460
-8459
-8457
-8454
-8448
-8446
-8444
-8431
-8430
-8422
-8419
-8416
-8413
-8410
-8407
-8401
-8400
-8398
-8387
-8381
-8380
-8379
-8372
-8364
-8362
-8361
-8356
-8354
-8353
-8348
-8345
-8343
-8342
-8340
-8339
-8336
-8334
-8331
-8330
-8329
-8327
-8323
-8322
-8316
-8312
-8306
-8302
-8290
-8287
-8286
-8284
-8283
-8280
-8275
-8273
-8269
-8260
-8249
-8243
-8241
-8239
-8231
-8227
-8225
-8223
-8222
-8213
-8212
-8210
-8207
-8204
-8199
-8198
-8192
-8191
-8189
-8187
-8182
-8181
-8180
-8179
-8176
-8172
-8168
-8163
-8162
-8160
-8159
-8158
-8155
-8147
-8142
-8137
-8134
-8132
-8131
-8130
-8126
-8125
-8124
-8123
-8119
-8116
-8109
-8108
-8105
-8100
-8097
-8096
-8094
-8092
-8091
-8090
-8086
-8082
-8081
-8079
-8078
-8074
-8072
-8070
-8069
-8067
-8065
-8064
-8059
-8058
-8054
-8045
-8043
-8024
-8023
-8018
-8010
-8008
-8004
-8003
-8001
-8000
-7999
-7994
-7993
-7992
-7991
-7987
-7985
-7984
-7975
-7963
-7957
-7956
-7954
-7948
-7942
-7940
-7939
-7936
-7935
-7928
-7923
-7919
-7915
-7905
-7900
-7895
-7894
-7889
-7885
-7876
-7875
-7874
-7872
-7869
-7860
-7856
-7855
-7852
-7845
-7844
-7839
-7836
-7832
-7829
-7827
-7821
-7815
-7814
-7806
-7805
-7803
-7802
-7794
-7792
-7790
-7788
-7786
-7785
-7783
-7775
-7771
-7767
-7762
-7761
-7760
-7753
-7749
-7745
-7744
-7743
-7741
-7740
-7739
-7738
-7737
-7736
-7735
-7734
-7731
-7730
-7726
-7725
-7722
-7716
-7714
-7711
-7706
-7700
-7697
-7692
-7690
-7688
-7686
-7684
-7681
-7680
-7676
-7674
-7670
-7669
-7668
-7645
-7644
-7640
-7627
-7625
-7618
-7617
-7615
-7614
-7613
-7612
-7604
-7603
-7588
-7587
-7585
-7583
-7582
-7579
-7578
-7572
-7571
-7569
-7568
-7566
-7565
-7563
-7557
-7551
-7549
-7548
-7547
-7544
-7541
-7540
-7539
-7538
-7536
-7534
-7526
-7524
-7522
-7521
-7515
-7513
-7510
-7504
-7501
-7497
-7496
-7493
-7491
-7488
-7479
-7469
-7467
-7465
-7462
-7461
-7454
-7451
-7448
-7446
-7445
-7444
-7436
-7431
-7423
-7422
-7415
-7411
-7406
-7405
-7403
-7402
-7400
-7394
-7392
-7387
-7383
-7382
-7376
-7373
-7367
-7366
-7362
-7360
-7355
-7349
-7348
-7343
-7339
-7337
-7334
-7332
-7331
-7325
-7322
-7321
-7320
-7315
-7314
-7304
-7300
-7299
-7294
-7293
-7291
-7287
-7282
-7277
-7276
-7267
-7266
-7264
-7261
-7259
-7258
-7252
-7251
-7250
-7249
-7247
-7244
-7241
-7238
-7236
-7233
-7232
-7231
-7230
-7229
-7228
-7226
-7224
-7223
-7221
-7220
-7217
-7216
-7213
-7212
-7211
-7208
-7204
-7203
-7202
-7198
-7195
-7190
-7189
-7188
-7183
-7181
-7180
-7173
-7166
-7165
-7162
-7157
-7156
-7152
-7151
-7139
-7134
-7133
-7129
-7127
-7124
-7121
-7120
-7119
-7117
-7111
-7105
-7103
-7101
-7098
-7096
-7093
-7087
-7085
-7081
-7076
-7075
-7068
-7066
-7064
-7063
-7062
-7061
-7060
-7059
-7055
-7052
-7051
-7050
-7044
-7035
-7032
-7031
-7025
-7021
-7015
-7009
-7007
-7002
-7000
-6999
-6995
-6991
-6990
-6989
-6988
-6987
-6986
-6983
-6981
-6979
-6972
-6971
-6966
-6962
-6961
-6959
-6956
-6954
-6950
-6944
-6940
-6933
-6926
-6924
-6921
-6920
-6918
-6917
-6914
-6911
-6907
-6905
-6904
-6902
-6900
-6898
-6897
-6896
-6895
-6893
-6890
-6888
-6886
-6882
-6871
-6864
-6862
-6861
-6860
-6856
-6855
-6854
-6834
-6829
-6824
-6822
-6821
-6819
-6813
-6809
-6807
-6805
-6801
-6798
-6796
-6795
-6794
-6791
-6785
-6782
-6781
-6778
-6777
-6773
-6768
-6765
-6760
-6758
-6757
-6751
-6746
-6739
-6738
-6737
-6736
-6734
-6730
-6725
-6721
-6719
-6718
-6715
-6712
-6711
-6706
-6703
-6700
-6690
-6686
-6685
-6682
-6666
-6664
-6661
-6656
-6655
-6653
-6650
-6646
-6645
-6643
-6642
-6641
-6636
-6632
-6622
-6618
-6610
-6609
-6607
-6604
-6603
-6599
-6597
-6594
-6583
-6580
-6578
-6574
-6571
-6570
-6565
-6564
-6559
-6551
-6550
-6546
-6541
-6540
-6533
-6532
-6531
-6528
-6519
-6517
-6516
-6513
-6510
-6507
-6503
-6499
-6498
-6497
-6492
-6491
-6489
-6487
-6481
-6473
-6472
-6471
-6467
-6464
-6462
-6461
-6455
-6454
-6452
-6450
-6449
-6448
-6445
-6433
-6429
-6428
-6425
-6421
-6420
-6414
-6411
-6405
-6403
-6402
-6397
-6396
-6391
-6390
-6389
-6385
-6384
-6377
-6373
-6371
-6369
-6362
-6359
-6351
-6336
-6334
-6330
-6328
-6327
-6326
-6319
-6318
-6314
-6312
-6303
-6301
-6298
-6297
-6295
-6293
-6291
-6290
-6289
-6284
-6277
-6273
-6271
-6270
-6266
-6265
-6263
-6258
-6257
-6256
-6255
-6250
-6249
-6245
-6243
-6236
-6226
-6224
-6222
-6214
-6212
-6211
-6207
-6203
-6199
-6191
-6190
-6188
-6186
-6185
-6181
-6176
-6174
-6173
-6172
-6171
-6168
-6167
-6166
-6153
-6151
-6147
-6139
-6137
-6132
-6131
-6120
-6115
-6100
-6099
-6094
-6089
-6080
-6077
-6075
-6073
-6071
-6069
-6065
-6063
-6062
-6060
-6058
-6055
-6053
-6052
-6050
-6047
-6034
-6033
-6028
-6021
-6017
-6013
-6012
-6003
-5999
-5996
-5991
-5989
-5986
-5980
-5977
-5975
-5974
-5973
-5971
-5965
-5962
-5954
-5951
-5948
-5947
-5946
-5941
-5940
-5938
-5937
-5934
-5932
-5927
-5926
-5925
-5920
-5915
-5911
-5909
-5905
-5904
-5895
-5894
-5885
-5884
-5882
-5880
-5879
-5866
-5863
-5862
-5850
-5846
-5844
-5843
-5841
-5840
-5839
-5838
-5834
-5833
-5825
-5823
-5822
-5820
-5818
-5815
-5812
-5811
-5807
-5803
-5799
-5793
-5792
-5788
-5787
-5775
-5771
-5770
-5767
-5761
-5759
-5753
-5749
-5748
-5737
-5736
-5735
-5733
-5732
-5726
-5722
-5717
-5715
-5713
-5706
-5705
-5703
-5702
-5699
-5696
-5687
-5683
-5680
-5679
-5677
-5672
-5671
-5667
-5657
-5656
-5653
-5652
-5650
-5647
-5644
-5638
-5637
-5635
-5632
-5630
-5625
-5623
-5622
-5621
-5600
-5592
-5587
-5582
-5580
-5575
-5572
-5562
-5559
-5553
-5552
-5550
-5549
-5548
-5545
-5542
-5540
-5538
-5532
-5528
-5527
-5524
-5510
-5503
-5501
-5498
-5485
-5480
-5476
-5473
-5472
-5469
-5466
-5465
-5462
-5460
-5457
-5455
-5452
-5447
-5446
-5444
-5434
-5433
-5431
-5429
-5428
-5418
-5415
-5410
-5407
-5403
-5394
-5393
-5389
-5372
-5369
-5363
-5361
-5360
-5359
-5356
-5353
-5350
-5347
-5346
-5345
-5336
-5334
-5329
-5326
-5325
-5324
-5322
-5319
-5307
-5306
-5304
-5300
-5299
-5295
-5294
-5292
-5279
-5278
-5273
-5272
-5267
-5264
-5260
-5257
-5255
-5247
-5246
-5228
-5226
-5217
-5214
-5213
-5212
-5210
-5209
-5208
-5205
-5197
-5196
-5190
-5188
-5185
-5181
-5174
-5171
-5170
-5168
-5162
-5160
-5158
-5154
-5151
-5149
-5148
-5145
-5144
-5143
-5142
-5141
-5139
-5138
-5133
-5131
-5127
-5126
-5123
-5122
-5121
-5117
-5116
-5112
-5105
-5104
-5099
-5096
-5094
-5092
-5091
-5090
-5088
-5083
-5081
-5078
-5076
-5074
-5073
-5069
-5067
-5059
-5058
-5054
-5051
-5049
-5046
-5041
-5036
-5035
-5033
-5029
-5028
-5027
-5018
-5013
-5002
-4999
-4997
-4992
-4984
-4981
-4980
-4979
-4971
-4970
-4969
-4968
-4966
-4963
-4962
-4960
-4957
-4954
-4953
-4950
-4948
-4946
-4945
-4940
-4937
-4929
-4921
-4917
-4914
-4909
-4908
-4907
-4906
-4899
-4898
-4892
-4891
-4888
-4883
-4875
-4871
-4867
-4864
-4858
-4854
-4853
-4849
-4844
-4839
-4835
-4833
-4826
-4825
-4823
-4816
-4814
-4811
-4806
-4805
-4799
-4795
-4794
-4792
-4787
-4784
-4782
-4777
-4774
-4773
-4769
-4767
-4766
-4765
-4764
-4762
-4760
-4759
-4755
-4752
-4746
-4745
-4742
-4741
-4740
-4732
-4731
-4729
-4728
-4727
-4726
-4720
-4716
-4715
-4711
-4710
-4709
-4705
-4701
-4700
-4699
-4698
-4697
-4688
-4685
-4684
-4683
-4678
-4676
-4674
-4670
-4668
-4662
-4658
-4656
-4652
-4650
-4649
-4648
-4647
-4643
-4642
-4638
-4636
-4634
-4633
-4632
-4630
-4629
-4623
-4622
-4620
-4619
-4618
-4617
-4607
-4606
-4598
-4592
-4591
-4590
-4587
-4582
-4578
-4575
-4571
-4564
-4563
-4561
-4560
-4555
-4550
-4548
-4539
-4536
-4528
-4526
-4524
-4522
-4519
-4516
-4514
-4509
-4502
-4497
-4495
-4494
-4489
-4477
-4469
-4463
-4461
-4459
-4453
-4452
-4450
-4448
-4444
-4439
-4436
-4434
-4433
-4426
-4414
-4413
-4412
-4407
-4401
-4399
-4398
-4395
-4392
-4390
-4389
-4384
-4383
-4372
-4371
-4366
-4364
-4363
-4362
-4359
-4358
-4356
-4355
-4351
-4347
-4344
-4343
-4341
-4335
-4329
-4326
-4323
-4322
-4320
-4319
-4318
-4315
-4314
-4311
-4310
-4303
-4297
-4294
-4290
-4287
-4286
-4284
-4282
-4278
-4275
-4271
-4267
-4266
-4264
-4263
-4262
-4260
-4254
-4253
-4250
-4248
-4246
-4242
-4238
-4236
-4235
-4234
-4233
-4230
-4229
-4221
-4219
-4218
-4211
-4208
-4206
-4204
-4200
-4199
-4192
-4191
-4186
-4178
-4176
-4166
-4164
-4162
-4158
-4153
-4144
-4141
-4139
-4134
-4123
-4122
-4121
-4105
-4104
-4103
-4096
-4082
-4078
-4068
-4065
-4059
-4052
-4049
-4045
-4031
-4030
-4026
-4020
-4019
-4017
-4016
-4009
-4008
-4005
-3998
-3997
-3996
-3995
-3989
-3985
-3981
-3979
-3977
-3976
-3971
-3970
-3968
-3967
-3966
-3963
-3957
-3956
-3954
-3952
-3947
-3946
-3936
-3934
-3933
-3926
-3919
-3916
-3908
-3906
-3905
-3903
-3902
-3901
-3899
-3894
-3892
-3891
-3885
-3883
-3882
-3880
-3874
-3867
-3866
-3863
-3855
-3853
-3851
-3850
-3847
-3838
-3835
-3828
-3825
-3823
-3821
-3820
-3813
-3811
-3810
-3809
-3807
-3804
-3802
-3801
-3786
-3780
-3774
-3773
-3767
-3759
-3758
-3754
-3749
-3746
-3736
-3735
-3731
-3730
-3729
-3727
-3720
-3716
-3710
-3709
-3707
-3704
-3703
-3699
-3694
-3693
-3690
-3687
-3686
-3685
-3683
-3682
-3680
-3678
-3672
-3671
-3669
-3655
-3654
-3652
-3648
-3647
-3644
-3640
-3635
-3634
-3631
-3629
-3619
-3618
-3613
-3610
-3609
-3607
-3606
-3605
-3604
-3599
-3597
-3596
-3594
-3591
-3590
-3589
-3584
-3583
-3582
-3578
-3577
-3572
-3565
-3563
-3562
-3559
-3558
-3557
-3555
-3551
-3550
-3549
-3548
-3543
-3539
-3537
-3534
-3529
-3525
-3524
-3523
-3520
-3519
-3511
-3510
-3506
-3505
-3502
-3501
-3500
-3495
-3493
-3488
-3487
-3486
-3485
-3474
-3473
-3469
-3465
-3463
-3462
-3459
-3457
-3451
-3450
-3448
-3446
-3445
-3438
-3437
-3429
-3421
-3415
-3412
-3408
-3407
-3396
-3394
-3393
-3387
-3376
-3375
-3373
-3371
-3369
-3367
-3366
-3365
-3364
-3352
-3345
-3344
-3343
-3342
-3338
-3336
-3335
-3333
-3331
-3330
-3327
-3326
-3321
-3319
-3316
-3315
-3310
-3306
-3305
-3303
-3298
-3294
-3286
-3285
-3284
-3279
-3277
-3275
-3273
-3272
-3269
-3268
-3264
-3262
-3260
-3255
-3254
-3252
-3251
-3246
-3242
-3239
-3236
-3234
-3232
-3224
-3221
-3217
-3214
-3208
-3206
-3201
-3198
-3197
-3196
-3193
-3191
-3185
-3183
-3182
-3180
-3168
-3166
-3163
-3158
-3155
-3148
-3141
-3136
-3130
-3129
-3126
-3122
-3121
-3114
-3104
-3103
-3101
-3099
-3097
-3096
-3093
-3092
-3091
-3085
-3083
-3082
-3079
-3078
-3075
-3073
-3062
-3059
-3056
-3044
-3042
-3039
-3035
-3033
-3032
-3029
-3025
-3023
-3022
-3021
-3016
-3015
-3011
-3010
-3009
-3005
-3002
-2999
-2997
-2993
-2990
-2989
-2988
-2987
-2984
-2980
-2976
-2975
-2973
-2956
-2955
-2951
-2947
-2946
-2942
-2940
-2937
-2936
-2932
-2931
-2930
-2928
-2926
-2920
-2913
-2910
-2908
-2907
-2905
-2902
-2899
-2898
-2897
-2894
-2886
-2882
-2880
-2879
-2877
-2871
-2865
-2862
-2855
-2851
-2849
-2848
-2846
-2843
-2839
-2838
-2834
-2833
-2831
-2823
-2822
-2821
-2820
-2817
-2813
-2809
-2808
-2805
-2803
-2800
-2799
-2798
-2797
-2796
-2794
-2791
-2787
-2777
-2776
-2772
-2769
-2765
-2761
-2758
-2757
-2754
-2753
-2749
-2747
-2746
-2744
-2741
-2740
-2739
-2735
-2734
-2727
-2723
-2721
-2720
-2718
-2714
-2702
-2701
-2700
-2693
-2690
-2689
-2683
-2680
-2676
-2674
-2672
-2669
-2662
-2659
-2648
-2645
-2644
-2642
-2640
-2637
-2622
-2621
-2618
-2616
-2615
-2610
-2607
-2603
-2601
-2600
-2599
-2598
-2597
-2593
-2592
-2591
-2588
-2585
-2583
-2581
-2577
-2568
-2564
-2563
-2562
-2554
-2553
-2552
-2540
-2539
-2531
-2530
-2528
-2527
-2524
-2523
-2522
-2521
-2519
-2518
-2513
-2512
-2506
-2504
-2495
-2493
-2492
-2489
-2485
-2484
-2482
-2478
-2475
-2473
-2470
-2461
-2460
-2459
-2452
-2451
-2450
-2446
-2438
-2436
-2435
-2432
-2430
-2427
-2426
-2425
-2422
-2414
-2405
-2404
-2401
-2399
-2398
-2397
-2396
-2393
-2391
-2388
-2381
-2380
-2378
-2375
-2372
-2368
-2367
-2363
-2361
-2359
-2358
-2356
-2355
-2354
-2348
-2345
-2343
-2340
-2336
-2335
-2333
-2327
-2326
-2320
-2316
-2314
-2313
-2300
-2299
-2297
-2296
-2290
-2288
-2287
-2283
-2281
-2280
-2276
-2275
-2272
-2268
-2267
-2266
-2265
-2264
-2259
-2257
-2252
-2247
-2246
-2244
-2242
-2237
-2236
-2232
-2228
-2223
-2219
-2216
-2215
-2214
-2213
-2212
-2211
-2209
-2203
-2189
-2188
-2182
-2172
-2169
-2168
-2167
-2166
-2165
-2164
-2163
-2162
-2158
-2157
-2154
-2153
-2144
-2142
-2141
-2138
-2135
-2133
-2132
-2123
-2121
-2120
-2118
-2117
-2115
-2102
-2093
-2092
-2088
-2086
-2085
-2084
-2081
-2080
-2079
-2073
-2072
-2071
-2069
-2059
-2058
-2054
-2053
-2050
-2046
-2045
-2043
-2038
-2024
-2023
-2022
-2008
-2007
-2006
-2005
-2003
-1999
-1992
-1988
-1987
-1983
-1979
-1973
-1972
-1965
-1961
-1956
-1954
-1952
-1946
-1933
-1923
-1919
-1914
-1910
-1908
-1906
-1902
-1901
-1899
-1897
-1894
-1891
-1890
-1888
-1885
-1883
-1882
-1881
-1880
-1876
-1872
-1868
-1864
-1863
-1849
-1844
-1843
-1839
-1838
-1834
-1829
-1826
-1825
-1821
-1820
-1808
-1802
-1800
-1793
-1791
-1787
-1779
-1778
-1771
-1770
-1761
-1757
-1756
-1755
-1747
-1745
-1744
-1728
-1721
-1718
-1715
-1713
-1709
-1708
-1707
-1706
-1703
-1701
-1700
-1697
-1693
-1692
-1689
-1685
-1676
-1674
-1672
-1666
-1660
-1658
-1655
-1653
-1650
-1649
-1648
-1647
-1645
-1641
-1640
-1636
-1633
-1632
-1629
-1626
-1620
-1616
-1614
-1612
-1607
-1604
-1603
-1597
-1596
-1594
-1586
-1576
-1575
-1572
-1571
-1564
-1562
-1558
-1555
-1553
-1544
-1532
-1530
-1524
-1517
-1508
-1507
-1503
-1500
-1499
-1492
-1491
-1485
-1481
-1474
-1469
-1465
-1464
-1462
-1458
-1449
-1446
-1442
-1435
-1434
-1433
-1430
-1425
-1423
-1419
-1409
-1398
-1396
-1395
-1384
-1382
-1375
-1372
-1370
-1367
-1359
-1352
-1348
-1343
-1342
-1330
-1326
-1321
-1320
-1317
-1315
-1308
-1305
-1300
-1297
-1294
-1293
-1292
-1290
-1289
-1288
-1283
-1282
-1274
-1273
-1268
-1267
-1265
-1264
-1260
-1257
-1256
-1253
-1251
-1248
-1247
-1246
-1245
-1238
-1233
-1232
-1227
-1226
-1223
-1221
-1220
-1214
-1209
-1208
-1207
-1202
-1200
-1198
-1197
-1193
-1177
-1172
-1171
-1169
-1168
-1166
-1163
-1162
-1160
-1159
-1157
-1148
-1143
-1142
-1139
-1133
-1128
-1124
-1122
-1121
-1120
-1119
-1118
-1113
-1104
-1101
-1099
-1098
-1095
-1093
-1090
-1088
-1087
-1083
-1082
-1077
-1074
-1072
-1068
-1065
-1051
-1050
-1049
-1046
-1045
-1044
-1041
-1040
-1038
-1036
-1035
-1022
-1021
-1017
-1016
-1014
-1011
-1007
-1002
-1001
-999
-995
-993
-981
-972
-961
-957
-951
-939
-937
-935
-934
-932
-931
-930
-928
-926
-925
-923
-919
-918
-915
-909
-908
-905
-900
-897
-895
-886
-884
-882
-879
-878
-875
-873
-866
-859
-855
-850
-847
-846
-845
-842
-841
-840
-836
-833
-829
-828
-819
-817
-812
-811
-810
-809
-807
-804
-799
-798
-794
-793
-790
-789
-786
-783
-782
-781
-775
-773
-772
-770
-764
-762
-754
-751
-748
-745
-738
-737
-730
-727
-722
-719
-717
-715
-713
-709
-708
-704
-699
-698
-697
-696
-695
-694
-693
-682
-681
-678
-673
-667
-660
-659
-650
-648
-646
-644
-635
-633
-631
-629
-628
-624
-623
-620
-617
-616
-613
-604
-601
-596
-593
-587
-585
-582
-581
-577
-574
-573
-566
-565
-563
-559
-554
-547
-545
-544
-538
-535
-529
-524
-522
-521
-517
-515
-514
-511
-499
-497
-496
-489
-485
-484
-483
-476
-469
-467
-465
-462
-452
-449
-448
-440
-439
-435
-432
-428
-424
-421
-416
-415
-408
-407
-406
-404
-401
-395
-389
-387
-384
-375
-374
-372
-369
-368
-367
-366
-364
-362
-361
-359
-358
-356
-355
-352
-350
-348
-347
-346
-344
-341
-340
-338
-334
-332
-327
-325
-324
-323
-320
-317
-316
-309
-308
-304
-303
-302
-300
-299
-295
-294
-292
-288
-284
-283
-281
-278
-274
-273
-268
-266
-261
-258
-254
-249
-241
-239
-231
-227
-224
-218
-215
-214
-213
-211
-205
-201
-199
-198
-196
-193
-191
-190
-181
-178
-177
-176
-170
-168
-165
-163
-162
-159
-149
-148
-147
-146
-137
-136
-130
-128
-126
-121
-119
-118
-117
-116
-114
-112
-104
-102
-99
-96
-94
-93
-90
-86
-84
-83
-82
-81
-78
-73
-66
-61
-60
-59
-57
-52
-51
-45
-44
-38
-37
-27
-20
-18
-13
-12
-10
-6
-5
-2
-1
7
8
12
13
16
17
19
22
23
32
37
38
40
41
43
47
55
59
62
63
64
72
86
88
91
92
93
97
110
111
113
121
122
124
127
128
135
137
139
141
144
147
149
157
158
161
162
164
165
166
168
173
174
180
182
183
185
187
191
194
195
199
200
205
207
208
219
224
226
228
229
234
235
236
246
247
252
253
261
266
273
276
284
285
292
293
295
296
304
311
312
313
316
318
320
324
325
335
336
343
359
362
363
365
367
373
381
384
387
388
389
390
391
394
397
399
400
404
407
420
423
425
426
438
444
445
447
449
450
451
452
454
456
462
467
468
476
482
487
489
493
497
501
502
503
504
507
511
512
513
515
516
517
531
534
537
541
543
545
548
551
565
567
571
574
576
579
581
589
596
603
604
605
606
607
608
611
615
617
627
633
638
640
642
643
645
646
650
655
656
662
664
666
668
671
675
676
679
682
684
685
690
692
694
700
708
710
712
713
715
718
722
724
727
730
731
732
735
736
738
740
744
754
756
762
764
767
768
769
770
774
781
783
784
787
790
791
796
798
800
801
802
808
809
810
812
814
817
818
820
823
833
835
843
846
848
855
863
867
869
870
873
882
884
886
887
889
890
891
892
893
896
899
900
903
904
907
911
912
913
916
917
924
926
930
931
933
934
939
944
946
949
950
956
967
973
983
984
990
997
1001
1003
1007
1008
1017
1019
1025
1031
1032
1040
1041
1042
1047
1048
1054
1057
1068
1072
1076
1085
1086
1092
1095
1102
1107
1109
1111
1113
1114
1115
1116
1117
1121
1122
1126
1128
1129
1135
1137
1139
1140
1142
1143
1147
1149
1151
1153
1157
1159
1160
1166
1170
1171
1172
1173
1176
1182
1186
1187
1191
1195
1196
1197
1199
1200
1207
1211
1215
1218
1221
1222
1224
1225
1227
1228
1230
1233
1237
1239
1241
1245
1259
1263
1264
1271
1272
1277
1281
1290
1291
1292
1293
1294
1295
1301
1307
1309
1311
1318
1322
1328
1330
1333
1334
1340
1341
1342
1343
1347
1348
1350
1352
1353
1363
1364
1367
1368
1380
1385
1388
1390
1391
1394
1398
1401
1402
1403
1404
1407
1409
1410
1411
1416
1418
1420
1425
1427
1428
1430
1434
1436
1438
1439
1440
1441
1443
1445
1446
1449
1451
1460
1469
1484
1486
1487
1488
1490
1498
1504
1505
1507
1511
1524
1525
1528
1529
1530
1542
1545
1550
1551
1552
1558
1563
1564
1565
1569
1570
1576
1577
1581
1588
1591
1592
1597
1599
1601
1605
1607
1610
1613
1615
1622
1627
1628
1631
1635
1637
1642
1645
1646
1650
1654
1657
1660
1662
1664
1665
1668
1671
1674
1678
1683
1688
1694
1695
1696
1700
1710
1712
1713
1714
1715
1724
1725
1726
1730
1736
1741
1743
1744
1745
1748
1749
1750
1754
1758
1761
1764
1765
1766
1771
1772
1773
1774
1781
1782
1785
1787
1789
1798
1799
1801
1806
1811
1813
1815
1816
1824
1829
1830
1834
1837
1838
1842
1845
1849
1850
1852
1853
1854
1860
1861
1864
1871
1872
1874
1878
1885
1887
1888
1895
1896
1898
1899
1900
1904
1914
1916
1919
1920
1921
1925
1929
1936
1939
1941
1942
1945
1946
1951
1955
1965
1966
1967
1969
1970
1971
1973
1978
1979
1980
1988
1989
1992
1994
1995
1997
1998
2000
2003
2004
2006
2012
2013
2015
2019
2021
2024
2025
2028
2030
2034
2037
2041
2043
2045
2046
2047
2053
2055
2057
2065
2067
2070
2080
2087
2088
2093
2094
2104
2107
2110
2112
2113
2115
2119
2123
2125
2129
2131
2137
2138
2144
2153
2158
2161
2163
2164
2167
2168
2169
2173
2176
2180
2189
2190
2193
2194
2195
2196
2199
2202
2203
2204
2210
2211
2212
2213
2214
2215
2216
2217
2220
2225
2226
2228
2232
2233
2236
2237
2243
2245
2246
2247
2248
2250
2253
2254
2256
2259
2260
2270
2272
2273
2274
2277
2282
2283
2285
2287
2291
2297
2302
2303
2304
2314
2315
2318
2319
2320
2321
2322
2324
2327
2331
2334
2337
2338
2339
2341
2344
2347
2348
2356
2357
2360
2361
2363
2364
2378
2382
2384
2390
2392
2393
2394
2396
2398
2399
2401
2403
2409
2412
2413
2415
2418
2420
2421
2422
2423
2425
2426
2428
2429
2432
2435
2436
2437
2444
2452
2454
2470
2472
2477
2483
2488
2489
2491
2493
2511
2520
2521
2523
2525
2527
2530
2531
2533
2536
2542
2543
2548
2557
2558
2560
2563
2564
2565
2573
2574
2575
2582
2583
2589
2598
2600
2605
2612
2613
2621
2622
2625
2626
2627
2628
2631
2633
2636
2638
2640
2641
2642
2646
2647
2658
2659
2660
2665
2670
2672
2673
2680
2683
2687
2689
2698
2699
2702
2713
2716
2725
2728
2729
2732
2734
2736
2740
2742
2748
2751
2752
2753
2756
2758
2759
2765
2767
2770
2773
2780
2781
2792
2793
2794
2798
2799
2800
2807
2809
2810
2812
2814
2819
2820
2822
2826
2827
2828
2837
2838
2841
2846
2848
2854
2855
2858
2861
2863
2867
2879
2882
2884
2885
2886
2887
2888
2889
2890
2893
2896
2898
2903
2908
2914
2918
2919
2923
2933
2939
2940
2942
2943
2944
2949
2952
2956
2958
2964
2967
2968
2970
2971
2977
2978
2979
2981
2982
2984
2985
2987
2990
2997
3000
3001
3002
3004
3005
3006
3010
3020
3024
3028
3029
3033
3040
3044
3045
3047
3048
3054
3057
3058
3059
3063
3064
3072
3073
3075
3076
3080
3084
3086
3088
3092
3093
3094
3096
3098
3104
3106
3107
3113
3115
3116
3119
3124
3131
3140
3143
3144
3145
3147
3150
3154
3157
3158
3160
3161
3162
3167
3168
3169
3171
3172
3173
3179
3180
3182
3185
3187
3192
3194
3195
3196
3197
3210
3213
3224
3227
3228
3231
3233
3234
3236
3237
3239
3240
3241
3243
3244
3245
3246
3249
3253
3261
3268
3271
3276
3281
3282
3284
3287
3290
3291
3295
3298
3300
3301
3303
3304
3314
3317
3321
3324
3325
3331
3340
3342
3347
3348
3350
3352
3356
3357
3358
3371
3376
3378
3382
3383
3385
3388
3394
3403
3412
3414
3417
3420
3421
3424
3425
3436
3438
3442
3443
3446
3450
3457
3459
3461
3462
3464
3467
3471
3472
3473
3477
3481
3483
3486
3490
3491
3494
3500
3507
3510
3516
3519
3523
3525
3529
3531
3532
3538
3539
3540
3541
3543
3550
3554
3557
3561
3562
3565
3573
3576
3579
3580
3582
3583
3587
3593
3598
3599
3603
3612
3615
3622
3623
3626
3628
3630
3631
3633
3640
3653
3655
3660
3661
3662
3663
3664
3666
3672
3673
3676
3684
3685
3686
3687
3689
3690
3692
3696
3697
3700
3707
3708
3713
3716
3718
3723
3725
3730
3733
3743
3746
3747
3750
3754
3760
3769
3779
3789
3797
3798
3799
3801
3802
3803
3809
3810
3812
3816
3820
3827
3828
3829
3835
3840
3841
3847
3850
3854
3859
3861
3865
3878
3879
3880
3881
3882
3884
3892
3893
3894
3899
3907
3908
3909
3911
3912
3915
3919
3920
3927
3931
3936
3937
3938
3942
3951
3954
3961
3962
3963
3968
3973
3977
3982
3985
3986
3987
3994
3995
3998
4001
4005
4024
4025
4042
4045
4050
4053
4054
4056
4057
4058
4070
4071
4080
4081
4083
4084
4088
4089
4090
4092
4093
4094
4095
4097
4100
4101
4102
4110
4112
4115
4118
4120
4121
4123
4129
4132
4134
4135
4138
4139
4141
4144
4145
4146
4147
4159
4166
4167
4170
4172
4182
4185
4191
4192
4194
4195
4197
4202
4203
4205
4212
4214
4217
4218
4219
4221
4224
4229
4231
4233
4235
4245
4253
4254
4257
4258
4262
4265
4267
4268
4269
4270
4271
4272
4275
4277
4280
4284
4285
4286
4288
4294
4299
4302
4308
4313
4314
4320
4325
4331
4334
4335
4338
4340
4343
4344
4348
4349
4356
4359
4360
4362
4363
4364
4365
4366
4367
4368
4371
4374
4377
4379
4380
4382
4383
4391
4392
4394
4397
4405
4409
4410
4411
4412
4413
4414
4415
4424
4425
4428
4430
4431
4435
4437
4440
4441
4443
4446
4448
4451
4456
4461
4462
4464
4467
4472
4475
4477
4478
4483
4484
4489
4498
4500
4504
4505
4509
4514
4516
4517
4521
4524
4526
4531
4532
4534
4542
4546
4548
4559
4573
4580
4581
4584
4589
4591
4597
4601
4604
4606
4611
4616
4619
4629
4630
4634
4636
4640
4650
4651
4653
4656
4659
4663
4664
4667
4668
4670
4671
4673
4676
4677
4678
4679
4682
4685
4687
4691
4698
4700
4704
4705
4706
4709
4714
4716
4717
4721
4722
4723
4724
4727
4728
4732
4739
4741
4745
4747
4750
4751
4753
4761
4762
4767
4769
4770
4779
4790
4796
4799
4801
4803
4804
4805
4806
4809
4810
4811
4814
4818
4824
4826
4828
4829
4830
4838
4839
4844
4845
4850
4853
4859
4865
4866
4868
4870
4871
4875
4881
4884
4889
4890
4891
4893
4894
4897
4898
4906
4916
4925
4926
4935
4937
4940
4942
4944
4959
4966
4970
4976
4980
4983
4985
4986
4990
4991
4995
4997
4999
5004
5006
5010
5014
5015
5017
5019
5022
5026
5028
5031
5037
5038
5043
5044
5046
5049
5050
5053
5056
5057
5059
5060
5064
5066
5070
5071
5072
5074
5075
5076
5077
5079
5097
5099
5102
5106
5112
5130
5133
5143
5149
5150
5155
5156
5158
5160
5163
5166
5169
5170
5174
5176
5177
5179
5182
5183
5184
5185
5187
5188
5189
5190
5200
5208
5213
5214
5217
5219
5222
5223
5227
5228
5233
5235
5244
5247
5248
5250
5261
5262
5264
5265
5266
5267
5271
5273
5274
5276
5282
5283
5288
5291
5296
5297
5301
5303
5314
5315
5316
5318
5320
5321
5324
5326
5330
5332
5340
5341
5342
5348
5351
5352
5357
5358
5366
5367
5368
5371
5374
5376
5381
5385
5389
5395
5398
5404
5406
5408
5409
5414
5418
5419
5423
5427
5428
5431
5435
5437
5443
5449
5451
5452
5460
5463
5465
5466
5470
5473
5474
5476
5482
5485
5490
5495
5497
5500
5503
5505
5513
5515
5520
5522
5523
5530
5540
5541
5542
5544
5545
5547
5551
5553
5555
5563
5565
5570
5572
5587
5589
5592
5596
5605
5607
5608
5610
5618
5621
5626
5630
5632
5634
5636
5637
5641
5643
5645
5652
5662
5667
5672
5674
5675
5678
5680
5690
5691
5693
5696
5706
5709
5712
5721
5722
5723
5725
5728
5729
5731
5733
5738
5742
5746
5747
5749
5752
5755
5756
5757
5758
5761
5762
5765
5767
5775
5776
5779
5783
5787
5788
5794
5798
5804
5806
5807
5808
5813
5816
5820
5822
5827
5828
5829
5832
5834
5835
5838
5839
5840
5841
5842
5844
5846
5849
5850
5857
5859
5861
5862
5864
5865
5868
5872
5873
5874
5882
5885
5886
5890
5899
5901
5904
5905
5907
5909
5910
5913
5917
5920
5923
5924
5925
5933
5937
5939
5940
5945
5952
5958
5969
5970
5976
5977
5980
5986
5989
5990
5993
5999
6000
6001
6007
6008
6010
6014
6021
6022
6025
6036
6054
6055
6056
6065
6072
6073
6075
6077
6091
6093
6094
6097
6098
6103
6104
6105
6107
6109
6111
6121
6127
6128
6133
6139
6149
6161
6163
6164
6166
6167
6169
6170
6177
6184
6187
6189
6192
6195
6199
6201
6208
6213
6215
6218
6219
6221
6223
6227
6228
6229
6233
6238
6242
6244
6247
6249
6250
6252
6260
6266
6268
6273
6274
6279
6284
6286
6290
6302
6303
6306
6310
6312
6315
6317
6321
6325
6326
6328
6333
6334
6338
6343
6346
6348
6350
6351
6361
6364
6365
6368
6370
6371
6376
6379
6380
6381
6389
6390
6391
6392
6395
6399
6400
6402
6403
6405
6407
6417
6419
6426
6428
6429
6430
6432
6437
6438
6439
6440
6449
6452
6461
6463
6464
6469
6473
6474
6475
6476
6480
6482
6487
6489
6493
6496
6497
6501
6505
6510
6512
6513
6514
6515
6517
6518
6522
6523
6530
6535
6536
6539
6544
6549
6552
6554
6556
6561
6563
6568
6575
6576
6577
6580
6582
6584
6586
6589
6590
6591
6592
6593
6595
6597
6601
6603
6604
6607
6608
6620
6629
6631
6635
6636
6640
6644
6646
6647
6648
6650
6653
6662
6664
6665
6666
6668
6672
6678
6684
6686
6691
6699
6702
6707
6708
6709
6712
6713
6719
6723
6724
6725
6731
6735
6736
6745
6750
6751
6752
6753
6754
6757
6758
6763
6764
6772
6773
6774
6778
6780
6790
6794
6797
6800
6802
6807
6808
6811
6813
6817
6818
6819
6820
6825
6831
6836
6838
6839
6843
6844
6847
6849
6853
6856
6858
6860
6862
6863
6864
6865
6870
6877
6878
6889
6890
6891
6901
6905
6907
6912
6918
6926
6928
6932
6938
6939
6940
6942
6946
6954
6956
6958
6960
6962
6965
6967
6969
6973
6978
6980
6982
6983
6984
6989
6990
6993
6994
6998
7002
7003
7004
7006
7009
7010
7012
7015
7016
7018
7031
7032
7033
7034
7035
7036
7043
7046
7054
7058
7062
7066
7067
7071
7084
7085
7091
7092
7097
7100
7103
7104
7105
7107
7108
7109
7116
7117
7118
7119
7124
7125
7126
7134
7135
7136
7139
7142
7144
7145
7159
7162
7163
7165
7167
7172
7175
7180
7182
7184
7185
7187
7189
7192
7194
7197
7201
7202
7207
7209
7212
7218
7225
7228
7234
7237
7242
7243
7247
7253
7255
7256
7257
7259
7261
7271
7277
7285
7287
7296
7298
7299
7303
7315
7316
7317
7318
7320
7321
7323
7328
7331
7332
7333
7344
7347
7354
7355
7356
7360
7363
7365
7366
7374
7375
7377
7379
7382
7383
7385
7387
7388
7396
7399
7405
7406
7408
7411
7413
7419
7434
7437
7439
7440
7442
7443
7456
7457
7462
7465
7466
7476
7481
7482
7484
7488
7490
7491
7494
7498
7502
7503
7509
7511
7513
7515
7516
7518
7521
7528
7529
7530
7532
7536
7541
7543
7547
7549
7552
7555
7556
7557
7559
7562
7570
7572
7574
7589
7592
7595
7604
7605
7606
7610
7615
7619
7622
7626
7628
7629
7632
7636
7645
7647
7648
7653
7656
7660
7663
7665
7679
7680
7681
7682
7691
7698
7709
7713
7714
7715
7726
7729
7730
7731
7739
7740
7741
7743
7746
7747
7748
7751
7753
7755
7758
7762
7764
7766
7772
7773
7781
7786
7788
7793
7795
7796
7801
7802
7808
7810
7811
7812
7815
7817
7820
7821
7822
7826
7828
7835
7836
7840
7850
7851
7852
7857
7859
7860
7861
7862
7864
7868
7871
7872
7874
7875
7878
7880
7881
7882
7883
7884
7892
7894
7895
7900
7908
7910
7911
7918
7921
7922
7924
7925
7929
7931
7933
7935
7939
7942
7943
7945
7948
7951
7956
7961
7963
7964
7969
7971
7974
7975
7977
7978
7981
7987
7993
7996
8009
8014
8017
8020
8021
8022
8033
8043
8046
8050
8053
8063
8068
8085
8089
8091
8096
8098
8101
8102
8104
8108
8109
8111
8113
8121
8122
8123
8124
8126
8128
8131
8132
8134
8135
8136
8141
8142
8144
8145
8146
8152
8155
8166
8167
8168
8177
8182
8183
8187
8188
8191
8192
8193
8195
8196
8197
8201
8204
8205
8208
8210
8211
8219
8220
8221
8222
8224
8228
8229
8234
8236
8238
8241
8244
8248
8250
8251
8252
8258
8265
8267
8268
8269
8272
8277
8278
8281
8283
8287
8291
8296
8300
8306
8310
8313
8317
8319
8323
8324
8327
8329
8332
8334
8335
8336
8341
8343
8349
8355
8356
8358
8359
8363
8365
8372
8373
8378
8380
8381
8383
8385
8389
8391
8393
8396
8397
8402
8405
8414
8415
8416
8419
8426
8428
8432
8439
8440
8442
8446
8449
8451
8456
8457
8459
8462
8464
8466
8470
8473
8480
8483
8486
8489
8492
8493
8496
8499
8501
8504
8506
8508
8510
8511
8514
8525
8528
8539
8540
8541
8542
8546
8549
8551
8554
8559
8561
8565
8568
8574
8576
8578
8579
8581
8584
8587
8589
8594
8600
8601
8604
8608
8612
8614
8618
8620
8621
8624
8629
8633
8635
8636
8646
8653
8655
8658
8659
8660
8661
8662
8664
8671
8672
8678
8681
8682
8685
8686
8691
8693
8705
8706
8711
8715
8717
8721
8723
8724
8728
8729
8730
8736
8742
8748
8752
8753
8756
8765
8766
8771
8777
8779
8780
8783
8784
8788
8789
8790
8797
8798
8799
8805
8807
8810
8817
8818
8819
8821
8827
8829
8831
8833
8837
8838
8839
8840
8841
8849
8851
8856
8857
8859
8861
8862
8863
8864
8867
8875
8876
8878
8882
8885
8889
8892
8893
8894
8896
8899
8903
8907
8911
8913
8922
8923
8924
8926
8934
8936
8938
8942
8946
8957
8960
8965
8968
8973
8976
8984
8985
8990
8992
8994
8995
8997
8999
9003
9005
9008
9019
9022
9023
9024
9025
9027
9031
9034
9040
9041
9045
9047
9054
9055
9060
9061
9066
9067
9069
9074
9082
9083
9086
9092
9096
9097
9098
9100
9101
9104
9106
9108
9109
9113
9115
9117
9119
9120
9122
9125
9126
9131
9132
9133
9135
9162
9164
9168
9173
9174
9177
9179
9182
9184
9186
9190
9192
9194
9195
9196
9199
9204
9209
9214
9217
9218
9220
9221
9226
9238
9241
9243
9247
9254
9263
9265
9267
9268
9269
9274
9277
9283
9285
9287
9288
9289
9290
9291
9294
9300
9302
9308
9311
9315
9324
9329
9330
9334
9338
9341
9343
9344
9346
9349
9352
9358
9367
9368
9375
9377
9384
9387
9390
9391
9393
9397
9399
9403
9404
9411
9414
9415
9418
9420
9421
9423
9428
9432
9435
9436
9444
9445
9446
9449
9452
9453
9454
9456
9458
9461
9469
9476
9480
9483
9490
9493
9494
9496
9497
9498
9501
9503
9526
9536
9540
9542
9547
9549
9553
9555
9556
9558
9563
9565
9566
9568
9570
9573
9574
9578
9579
9581
9588
9590
9592
9595
9596
9598
9599
9606
9607
9610
9611
9613
9616
9619
9620
9621
9627
9628
9629
9631
9632
9633
9636
9640
9645
9647
9648
9649
9652
9658
9666
9667
9669
9671
9672
9683
9685
9693
9697
9699
9700
9701
9702
9706
9707
9709
9716
9719
9721
9722
9724
9725
9726
9728
9731
9732
9736
9740
9742
9746
9750
9753
9755
9757
9760
9763
9764
9765
9766
9767
9768
9769
9773
9781
9787
9789
9792
9795
9802
9807
9808
9811
9816
9817
9821
9825
9828
9837
9839
9840
9851
9852
9854
9855
9863
9864
9866
9878
9879
9882
9884
9885
9886
9894
9895
9896
9902
9910
9912
9913
9914
9916
9928
9930
9931
9935
9936
9941
9942
9947
9957
9958
9959
9960
9964
9966
9975
9976
9982
9985
9986
9987
9989
9990
9994
9996
9997
9998
10000
10001
10003
10012
10016
10017
10018
10020
10024
10027
10034
10045
10047
10054
10058
10063
10066
10074
10087
10091
10092
10098
10106
10116
10117
10118
10119
10125
10128
10129
10139
10141
10142
10143
10148
10150
10153
10154
10155
10159
10160
10161
10164
10165
10168
10173
10175
10176
10186
10189
10197
10202
10206
10209
10213
10221
10226
10228
10232
10237
10240
10241
10245
10246
10251
10254
10255
10258
10262
10263
10264
10270
10274
10278
10279
10280
10287
10289
10291
10292
10294
10295
10301
10303
10306
10307
10308
10309
10312
10317
10326
10327
10331
10334
10344
10347
10353
10355
10359
10364
10369
10370
10373
10378
10380
10382
10384
10385
10388
10393
10394
10395
10397
10406
10411
10413
10414
10416
10418
10427
10431
10433
10434
10435
10438
10443
10445
10447
10449
10450
10456
10457
10458
10462
10463
10464
10468
10470
10473
10479
10481
10484
10493
10497
10501
10506
10508
10514
10515
10517
10519
10521
10523
10524
10527
10530
10531
10536
10545
10548
10549
10552
10557
10559
10560
10564
10578
10584
10588
10591
10592
10594
10595
10602
10603
10605
10606
10609
10610
10615
10616
10617
10619
10622
10623
10624
10625
10628
10629
10630
10633
10634
10641
10642
10657
10660
10661
10666
10670
10678
10681
10686
10687
10688
10691
10692
10695
10696
10699
10701
10702
10703
10707
10708
10716
10718
10720
10721
10722
10723
10726
10730
10731
10732
10733
10736
10737
10738
10739
10742
10745
10748
10753
10755
10759
10760
10764
10767
10769
10775
10776
10778
10783
10786
10788
10791
10795
10799
10803
10808
10809
10812
10813
10814
10816
10817
10822
10823
10824
10829
10831
10836
10839
10842
10845
10847
10851
10858
10860
10864
10866
10870
10875
10876
10881
10882
10886
10887
10888
10889
10894
10895
10897
10899
10906
10908
10913
10914
10926
10930
10933
10934
10939
10942
10943
10955
10958
10960
10964
10965
10966
10970
10982
10985
10991
10993
11006
11010
11012
11017
11019
11020
11023
11025
11027
11029
11032
11035
11037
11044
11050
11052
11059
11062
11064
11067
11069
11076
11077
11079
11080
11083
11084
11085
11089
11090
11093
11094
11095
11097
11101
11102
11103
11106
11108
11109
11112
11113
11114
11116
11117
11118
11119
11125
11126
11129
11139
11140
11141
11145
11152
11154
11156
11157
11159
11160
11162
11166
11172
11178
11180
11182
11195
11196
11198
11199
11201
11204
11205
11207
11208
11211
11216
11224
11231
11236
11237
11238
11243
11244
11245
11246
11248
11255
11256
11261
11262
11263
11266
11268
11273
11275
11278
11283
11286
11287
11289
11297
11303
11306
11307
11310
11313
11314
11320
11322
11326
11327
11328
11329
11330
11334
11336
11340
11344
11345
11349
11350
11353
11355
11359
11360
11361
11362
11364
11367
11370
11371
11373
11374
11379
11380
11385
11389
11393
11395
11400
11411
11414
11425
11426
11429
11430
11444
11445
11447
11448
11449
11452
11454
11455
11456
11461
11465
11466
11470
11472
11478
11479
11480
11485
11491
11496
11498
11503
11504
11506
11507
11514
11517
11518
11522
11526
11528
11537
11538
11540
11541
11543
11549
11555
11556
11557
11558
11559
11560
11563
11575
11576
11577
11578
11580
11583
11586
11592
11596
11599
11600
11602
11604
11620
11621
11622
11629
11633
11636
11645
11657
11659
11662
11667
11668
11670
11671
11672
11674
11677
11678
11681
11690
11700
11704
11706
11713
11717
11721
11723
11724
11729
11730
11736
11737
11738
11745
11759
11767
11771
11775
11776
11778
11783
11784
11786
11794
11797
11798
11800
11801
11805
11809
11811
11817
11824
11834
11836
11837
11839
11841
11844
11845
11847
11851
11860
11862
11866
11868
11869
11871
11872
11877
11878
11881
11882
11885
11886
11889
11898
11899
11901
11905
11908
11913
11917
11923
11924
11934
11937
11938
11939
11942
11946
11951
11953
11962
11963
11975
11978
11980
11985
11988
11989
11995
11999
12000
12005
12007
12008
12011
12013
12014
12021
12022
12025
12035
12040
12042
12049
12052
12058
12062
12064
12072
12073
12074
12086
12090
12091
12094
12096
12097
12100
12101
12104
12105
12109
12110
12112
12115
12124
12125
12130
12132
12137
12142
12145
12156
12157
12158
12159
12162
12170
12171
12175
12176
12178
12183
12190
12196
12197
12208
12210
12214
12217
12224
12226
12227
12230
12235
12236
12239
12244
12247
12249
12251
12254
12255
12256
12261
12263
12268
12270
12275
12281
12283
12291
12292
12293
12294
12301
12306
12308
12309
12310
12321
12333
12339
12345
12351
12354
12362
12365
12366
12370
12375
12376
12379
12380
12381
12382
12384
12387
12390
12404
12407
12410
12412
12419
12420
12429
12433
12438
12439
12441
12448
12452
12453
12454
12456
12460
12461
12468
12473
12476
12482
12487
12489
12490
12495
12496
12498
12508
12509
12515
12520
12521
12527
12529
12531
12535
12536
12537
12541
12546
12547
12550
12551
12556
12560
12561
12563
12564
12575
12577
12579
12582
12586
12588
12592
12598
12599
12608
12610
12611
12614
12616
12619
12620
12629
12633
12637
12638
12641
12649
12650
12652
12654
12656
12659
12660
12673
12679
12680
12681
12683
12685
12688
12691
12692
12693
12696
12697
12699
12705
12711
12718
12722
12723
12726
12727
12730
12732
12739
12745
12748
12749
12750
12754
12759
12760
12764
12767
