1000
1996
1992
1990
1984
1981
1979
1973
1966
1965
1961
1960
1958
1943
1926
1922
1916
1915
1914
1912
1911
1910
1908
1907
1906
1902
1901
1898
1897
1895
1891
1890
1888
1886
1885
1882
1880
1876
1873
1870
1862
1861
1860
1856
1854
1847
1843
1842
1841
1831
1830
1828
1817
1815
1812
1805
1798
1796
1794
1790
1787
1780
1760
1752
1751
1748
1734
1730
1723
1716
1714
1709
1702
1693
1689
1687
1685
1683
1679
1677
1668
1664
1660
1655
1652
1651
1650
1637
1633
1629
1623
1617
1613
1612
1597
1589
1583
1580
1575
1571
1564
1560
1557
1554
1544
1543
1540
1523
1522
1518
1511
1510
1506
1504
1497
1490
1489
1488
1482
1480
1474
1466
1451
1450
1443
1436
1433
1425
1420
1416
1412
1410
1409
1407
1398
1395
1394
1393
1389
1388
1387
1385
1383
1377
1370
1368
1362
1354
1352
1347
1345
1344
1342
1341
1339
1333
1330
1324
1320
1318
1315
1310
1307
1306
1305
1302
1285
1284
1283
1275
1270
1269
1264
1263
1262
1259
1251
1245
1237
1236
1232
1230
1228
1213
1203
1200
1197
1196
1195
1191
1187
1186
1174
1166
1154
1153
1152
1145
1140
1136
1135
1131
1128
1122
1115
1114
1113
1106
1104
1100
1099
1098
1094
1089
1082
1079
1073
1067
1066
1065
1058
1056
1050
1049
1048
1044
1033
1027
1025
1023
1021
1020
1019
1011
1008
1007
1000
997
995
991
988
987
986
985
984
983
982
981
980
976
973
972
969
966
961
960
954
948
945
937
930
928
927
926
921
915
909
908
907
906
890
886
880
876
874
873
872
871
870
868
865
857
856
855
842
841
838
832
829
821
811
799
797
796
792
791
790
788
786
776
772
767
759
757
756
755
754
748
742
737
735
733
728
718
717
715
712
711
709
708
707
705
704
702
701
697
691
690
685
681
678
665
664
659
658
652
648
645
643
642
641
637
634
625
623
622
621
615
610
603
598
597
593
585
579
576
575
573
569
563
560
559
556
555
554
551
550
520
516
515
511
505
496
493
492
487
482
477
475
474
473
464
462
460
458
455
454
448
447
441
440
435
422
420
419
413
411
409
406
398
391
389
373
355
354
348
347
339
333
330
327
324
320
311
306
305
302
288
284
281
280
268
261
258
256
254
246
244
239
238
237
236
235
234
223
216
215
213
208
203
198
195
194
187
181
180
178
177
172
171
170
168
167
165
161
154
152
145
140
139
136
133
120
115
112
110
99
96
94
93
91
90
71
70
68
59
57
55
50
47
37
33
29
25
24
23
-2
-3
-4
-5
-9
-15
-24
-26
-31
-37
-39
-43
-49
-52
-60
-63
-64
-66
-70
-71
-76
-78
-79
-80
-84
-89
-92
-93
-96
-98
-101
-107
-108
-112
-117
-118
-119
-121
-129
-131
-132
-148
-152
-154
-156
-159
-163
-168
-172
-182
-183
-192
-204
-208
-212
-218
-236
-245
-247
-248
-251
-254
-256
-258
-266
-269
-272
-276
-282
-283
-290
-293
-297
-298
-300
-301
-307
-311
-313
-315
-318
-320
-323
-324
-325
-330
-337
-338
-343
-344
-350
-354
-357
-361
-374
-375
-378
-391
-400
-401
-403
-407
-411
-412
-417
-423
-428
-434
-436
-438
-439
-441
-445
-451
-454
-455
-457
-460
-464
-473
-481
-491
-497
-501
-505
-516
-517
-520
-525
-532
-541
-550
-559
-562
-567
-570
-571
-576
-582
-587
-588
-592
-594
-595
-597
-598
-604
-605
-607
-608
-610
-612
-614
-624
-639
-644
-645
-646
-648
-656
-659
-673
-674
-675
-678
-685
-686
-689
-690
-697
-702
-714
-725
-726
-727
-735
-736
-739
-740
-743
-744
-746
-750
-752
-753
-755
-758
-767
-770
-771
-772
-782
-786
-789
-796
-797
-802
-805
-806
-820
-830
-832
-843
-846
-850
-854
-856
-858
-862
-865
-876
-882
-888
-889
-891
-898
-901
-905
-909
-910
-914
-916
-917
-918
-931
-932
-934
-939
-941
-944
-954
-955
-956
-958
-960
-968
-969
-977
-986
-993
-994
-1001
-1006
-1012
-1016
-1022
-1039
-1045
-1046
-1047
-1050
-1056
-1060
-1061
-1063
-1067
-1077
-1079
-1085
-1086
-1088
-1089
-1090
-1101
-1105
-1106
-1108
-1111
-1112
-1115
-1117
-1119
-1120
-1122
-1124
-1125
-1127
-1139
-1159
-1163
-1171
-1186
-1187
-1190
-1192
-1193
-1200
-1209
-1211
-1212
-1216
-1217
-1218
-1219
-1220
-1229
-1238
-1241
-1242
-1245
-1249
-1251
-1252
-1255
-1261
-1263
-1264
-1271
-1273
-1281
-1286
-1290
-1293
-1301
-1303
-1304
-1305
-1306
-1311
-1312
-1315
-1320
-1321
-1322
-1323
-1325
-1331
-1332
-1335
-1339
-1340
-1346
-1347
-1351
-1353
-1357
-1376
-1383
-1384
-1385
-1388
-1390
-1394
-1395
-1402
-1413
-1416
-1431
-1437
-1443
-1444
-1447
-1450
-1451
-1454
-1456
-1457
-1458
-1460
-1463
-1465
-1475
-1489
-1497
-1503
-1504
-1510
-1512
-1513
-1519
-1520
-1522
-1523
-1526
-1529
-1539
-1540
-1549
-1551
-1552
-1553
-1561
-1564
-1574
-1578
-1580
-1581
-1582
-1585
-1586
-1587
-1588
-1591
-1598
-1605
-1606
-1618
-1620
-1621
-1622
-1626
-1627
-1642
-1643
-1645
-1648
-1649
-1650
-1653
-1656
-1657
-1660
-1666
-1670
-1671
-1674
-1676
-1677
-1681
-1684
-1685
-1686
-1691
-1693
-1694
-1697
-1714
-1715
-1716
-1718
-1719
-1721
-1724
-1727
-1728
-1730
-1732
-1733
-1734
-1735
-1742
-1743
-1746
-1749
-1753
-1760
-1766
-1768
-1770
-1772
-1775
-1776
-1777
-1779
-1786
-1788
-1803
-1808
-1809
-1810
-1811
-1812
-1815
-1823
-1829
-1834
-1835
-1836
-1837
-1839
-1842
-1844
-1846
-1849
-1850
-1852
-1863
-1864
-1865
-1867
-1869
-1878
-1881
-1886
-1889
-1899
-1901
-1904
-1905
-1909
-1915
-1919
-1923
-1927
-1929
-1932
-1933
-1935
-1944
-1947
-1950
-1951
-1958
-1965
-1966
-1969
-1971
-1980
-1983
-1984
-1986
-1988
-1990
-1992
-1993
