1000
-480
1713
-403
132
1059
738
501
-218
1739
-1082
1735
-1634
-203
-1637
-239
398
992
-979
109
-142
-924
1067
756
1786
494
1070
-1621
-378
237
-1784
496
194
-1972
1266
1779
-719
-1966
1530
-651
1132
1222
1407
-574
1865
-323
-1791
254
1730
-1638
-1633
242
-158
1489
1725
794
-516
1867
-24
1933
-1332
-1370
-183
1917
728
-922
-1324
1970
-537
-1204
1369
1859
-1361
200
-1279
-1299
-1790
1195
-1976
606
299
1226
-541
1688
1814
-785
-1527
-1206
-554
-37
-1673
774
431
-1455
155
-1560
-1385
525
-209
-1653
1844
-1706
-809
-30
1907
537
-1948
169
1363
934
-1524
1496
1967
456
-1941
-680
-225
443
678
-1840
1585
-1518
-1548
136
-702
-1974
1287
1425
1564
393
-1133
825
236
-31
-488
-318
-1351
234
-643
-1562
-1148
1328
-246
-433
-452
-780
-84
19
-941
784
216
-1995
-1912
134
93
1837
207
-1950
1245
1982
1634
140
1947
-583
1720
-1569
-1109
1746
1944
-1868
-635
1349
1854
1244
1053
-696
1255
1214
-249
-752
184
1615
275
1019
1402
-472
-1290
615
-1895
-406
1526
-1310
-1075
-1659
-250
939
-812
-1700
321
-1849
989
-1862
1374
-1139
-748
-1822
744
-336
-968
-1090
-1404
271
715
92
764
-7
-1240
-1021
999
-72
1714
596
87
1866
-1837
-1101
-1472
-1479
-64
484
-1152
-974
-1181
283
1995
633
-1420
-1892
670
-1867
-1564
1712
-1551
-762
518
-663
-700
312
-1345
-404
-799
-1547
-1749
1192
-1522
-1707
-1785
-725
-871
-1648
1619
1678
-935
1023
1080
1258
1863
-1144
1135
-836
1340
1276
106
-1066
-75
-1557
1431
-22
-1528
737
-155
882
-536
-1747
-569
-591
514
-862
1086
-742
-1452
-1746
-1383
-1521
1268
1520
1377
1518
-1584
-1956
-1398
-1933
-14
-1903
51
-438
-1824
804
-1520
1884
1918
563
-8
1321
397
-1579
-777
-599
-114
-1409
538
1826
1493
-1207
156
824
1777
647
-919
-1462
364
478
-167
-1379
1414
-60
-1259
781
-1038
1012
228
1236
1406
-827
-1866
1423
-842
130
-440
584
1308
-1666
1878
-1347
1445
-1012
-515
-494
1144
1089
1684
-295
-1645
-147
-105
-1885
-1663
-824
1869
1935
1832
1259
946
-1062
-1942
-1469
-690
-874
1698
948
-1070
-127
-1200
120
1831
-619
591
160
-1352
-1362
862
-1333
-1146
-1155
1699
-17
735
1353
1270
-1762
-1724
-588
214
-808
699
1991
-594
-359
-1286
1165
806
-98
1306
-1624
-1343
1284
217
1436
-1179
-1182
-1119
-1622
-927
1256
-1331
851
-804
-122
-507
1415
-1448
-1376
919
-1889
1993
-1389
-1682
1573
269
-190
-1668
-1306
-865
-1020
1922
104
253
-1118
841
576
1386
-415
-618
1119
1093
83
1484
1083
-164
-1293
-1307
1981
938
1887
827
41
1667
1001
-1248
-940
1087
-1943
-1124
-1606
195
1701
1587
-1231
849
-1375
-1625
499
-816
1205
-1639
1480
1895
429
-654
-1751
-1531
-1446
331
-1600
1505
1364
836
1547
438
1208
1751
1422
1533
-876
-495
1590
-1923
-954
464
-1140
-1417
-1884
1637
-258
867
174
691
-187
-316
1648
1459
-1438
1097
447
991
878
780
-1226
-1296
-1774
1850
1175
-985
1433
800
178
-1541
359
1451
1948
-253
-1932
1491
789
802
-897
-1305
-1077
444
1527
268
-531
634
135
-532
757
-1372
428
191
1098
-276
1812
18
146
1740
-1940
503
-1052
-233
-1811
1140
-771
371
1901
-1057
1040
-308
811
-716
-1988
-1968
1322
-300
352
1291
-221
931
-1753
-826
1514
-1650
-63
720
-445
-995
1056
1011
1482
1601
-753
1882
177
44
963
1639
1152
1126
1230
1212
-760
512
-1701
1468
788
272
-1268
288
387
-952
1424
-192
1985
1914
-1969
1653
-1189
1143
-1628
-1029
658
-504
588
515
769
-1574
696
958
1519
-1105
1620
-555
126
305
1279
1262
-1341
-5
523
-1274
568
-1935
-470
-944
-1019
1273
-371
551
-257
36
969
-178
-1819
-356
1529
1566
-163
1971
-179
-1360
56
-992
1356
-1729
1952
-965
1225
1272
-326
320
595
976
528
-11
-1322
1486
1757
-918
-546
-688
-162
-1411
554
-1368
1391
1146
-521
-970
-1467
-471
643
-1603
-481
-2
-614
-977
-141
826
-1094
175
1902
680
-1431
1315
-462
1147
-1330
-1535
1441
-907
1009
276
1345
1772
-1459
-479
-1095
-1703
1669
1625
820
-791
16
-689
-843
-1620
361
1200
1738
212
-1
-1893
15
-1284
-132
1830
-698
-1691
1584
799
-1407
-186
581
-104
984
998
-476
1572
893
-1826
1164
1955
1232
193
-1994
-1816
1130
263
-1509
1802
1879
-1024
302
79
-103
-644
-1495
605
-1515
1100
-582
-408
-1641
-908
293
-1393
1396
1168
313
-1581
1413
1604
679
-51
469
53
-1580
-1519
-1617
1937
653
-1474
-198
1329
176
1855
407
561
-1277
787
67
-475
1513
-1169
1217
579
1811
-691
933
719
791
-1381
-1591
-1631
171
-895
698
265
115
-1365
968
-646
524
-737
716
-261
-1426
1727
953
1202
-1763
-949
-1162
693
-469
723
-283
-285
-1655
1148
-1414
562
-813
511
1366
840
-1888
2000
1795
1275
-1487
1792
505
-1288
1470
914
-1186
-222
91
761
1338
1024
885
-380
942
1030
-950
1957
-1060
-1225
-1929
-1844
1370
-1656
1822
-1565
918
-368
-1010
1231
-1945
-324
-383
1984
-1664
-1498
-208
-1091
-736
328
-224
-1439
666
-1965
710
-188
1235
-68
1817
-1671
462
522
548
669
1900
295
-1243
1554
-1304
-1397
1853
-1387
435
-561
702
-1344
-229
-397
1295
925
80
72
-520
-1919
1504
161
-1254
-1613
-474
1835
-1679
1729
-59
-946
-322
1131
-270
458
-73
-1793
1524
1872
1597
-566
1716
-1408
1280
1157
-286
1565
-1194
-1224
-1423
1899
-506
509
906
936
1419
-549
-505
-741
-911
-1880
-755
449
1994
843
-1609
-600
809
-1879
536
500
-1134
315
1622
-861
-1151
1666
-707
-1136
-1142
1635
574
-1319
332
-563
-994
701
-673
-1827
