1000
-1997
-1991
-1990
-1986
-1984
-1977
-1974
-1965
-1947
-1944
-1937
-1936
-1927
-1924
-1923
-1922
-1908
-1897
-1894
-1887
-1884
-1883
-1879
-1877
-1876
-1874
-1861
-1857
-1850
-1849
-1837
-1832
-1831
-1830
-1826
-1824
-1818
-1815
-1814
-1812
-1811
-1805
-1798
-1792
-1788
-1787
-1782
-1781
-1780
-1779
-1775
-1767
-1763
-1756
-1751
-1744
-1743
-1741
-1739
-1735
-1734
-1731
-1730
-1726
-1724
-1713
-1707
-1701
-1699
-1696
-1692
-1691
-1690
-1686
-1685
-1679
-1675
-1674
-1673
-1672
-1669
-1662
-1661
-1652
-1651
-1645
-1643
-1642
-1633
-1631
-1630
-1629
-1627
-1621
-1618
-1616
-1611
-1609
-1605
-1591
-1589
-1580
-1579
-1575
-1574
-1571
-1567
-1553
-1551
-1547
-1546
-1533
-1530
-1527
-1525
-1524
-1523
-1521
-1517
-1511
-1509
-1506
-1502
-1498
-1494
-1492
-1488
-1482
-1478
-1474
-1471
-1457
-1450
-1448
-1446
-1438
-1432
-1431
-1430
-1429
-1426
-1425
-1422
-1421
-1418
-1417
-1416
-1412
-1411
-1410
-1408
-1406
-1401
-1400
-1397
-1394
-1387
-1385
-1381
-1379
-1377
-1376
-1374
-1370
-1363
-1357
-1356
-1354
-1352
-1345
-1343
-1342
-1340
-1335
-1334
-1330
-1328
-1320
-1317
-1316
-1314
-1312
-1297
-1288
-1287
-1286
-1285
-1279
-1275
-1274
-1272
-1271
-1269
-1268
-1266
-1262
-1261
-1245
-1241
-1240
-1237
-1235
-1227
-1223
-1222
-1219
-1214
-1204
-1202
-1201
-1197
-1196
-1194
-1188
-1185
-1184
-1183
-1175
-1172
-1167
-1164
-1163
-1161
-1159
-1152
-1148
-1144
-1142
-1137
-1136
-1132
-1131
-1130
-1129
-1112
-1109
-1107
-1105
-1101
-1100
-1097
-1093
-1092
-1090
-1086
-1073
-1070
-1066
-1065
-1061
-1054
-1032
-1031
-1027
-1014
-1005
-1004
-995
-990
-989
-987
-986
-984
-981
-977
-975
-968
-962
-961
-960
-958
-956
-955
-952
-947
-942
-940
-939
-937
-932
-929
-922
-914
-910
-905
-903
-901
-894
-893
-890
-889
-882
-880
-871
-870
-868
-867
-862
-860
-858
-854
-853
-852
-849
-848
-845
-839
-831
-830
-825
-823
-822
-806
-804
-797
-783
-780
-779
-778
-776
-772
-758
-756
-750
-738
-726
-725
-719
-717
-715
-714
-712
-709
-707
-703
-702
-696
-681
-680
-676
-675
-674
-673
-671
-665
-662
-651
-647
-639
-638
-629
-625
-624
-622
-618
-617
-616
-615
-605
-597
-594
-586
-583
-578
-576
-571
-570
-561
-556
-554
-553
-552
-551
-550
-549
-548
-542
-539
-535
-532
-530
-526
-518
-511
-506
-503
-500
-498
-495
-491
-482
-477
-472
-464
-462
-460
-457
-452
-447
-444
-440
-439
-438
-437
-436
-433
-432
-426
-423
-420
-419
-417
-414
-412
-401
-400
-397
-396
-391
-388
-387
-381
-380
-379
-374
-370
-366
-365
-363
-360
-354
-352
-350
-344
-343
-342
-341
-334
-324
-315
-314
-312
-300
-299
-298
-288
-286
-284
-283
-280
-276
-275
-273
-272
-262
-259
-255
-253
-245
-241
-225
-222
-220
-217
-215
-212
-203
-201
-197
-195
-193
-192
-188
-186
-183
-181
-174
-171
-165
-152
-146
-145
-144
-139
-135
-134
-130
-129
-127
-118
-115
-111
-109
-105
-90
-89
-88
-84
-83
-79
-78
-74
-71
-70
-69
-66
-64
-59
-50
-49
-46
-42
-38
-34
-29
-16
-15
-11
-8
-2
12
13
17
21
27
29
31
32
33
36
38
39
43
48
51
52
53
57
59
61
64
66
71
82
83
84
85
91
92
96
97
98
107
112
113
114
115
119
122
125
131
135
139
142
143
146
149
153
157
162
163
171
179
181
192
206
207
208
210
212
217
222
224
236
240
241
249
250
253
258
265
267
269
280
283
287
292
298
300
302
308
312
319
320
324
325
328
329
331
334
338
341
342
348
349
361
362
364
365
368
375
381
383
387
388
390
397
400
402
406
411
426
431
444
446
448
449
450
452
455
464
467
468
471
478
479
481
484
489
498
506
508
510
523
525
526
529
531
546
547
549
552
558
566
577
581
590
592
598
602
605
613
614
617
619
624
628
630
634
639
643
648
651
659
662
666
669
675
678
679
681
686
687
689
695
699
708
710
719
729
730
747
753
755
756
758
763
764
770
775
783
785
790
793
796
797
802
811
817
824
831
837
840
841
846
851
860
878
879
888
892
894
895
906
910
911
920
923
932
933
934
935
936
938
944
957
964
968
972
987
993
994
1002
1003
1009
1012
1017
1025
1027
1029
1038
1039
1046
1048
1049
1051
1055
1056
1058
1060
1066
1067
1069
1071
1072
1077
1089
1094
1095
1096
1106
1108
1111
1116
1122
1123
1124
1132
1135
1138
1146
1156
1160
1162
1164
1165
1167
1168
1176
1177
1180
1187
1192
1194
1195
1199
1200
1202
1204
1213
1215
1218
1221
1225
1236
1242
1243
1249
1251
1252
1254
1256
1258
1262
1263
1264
1277
1282
1286
1290
1294
1295
1299
1309
1312
1313
1314
1316
1322
1324
1325
1332
1336
1337
1345
1353
1355
1361
1362
1365
1372
1373
1379
1383
1392
1394
1397
1401
1404
1406
1408
1409
1412
1419
1422
1427
1429
1438
1440
1442
1443
1456
1457
1460
1462
1465
1468
1477
1480
1486
1488
1491
1492
1493
1496
1501
1510
1516
1520
1521
1526
1533
1541
1544
1546
1555
1556
1558
1561
1567
1573
1574
1577
1578
1581
1582
1588
1589
1595
1596
1609
1611
1614
1618
1620
1623
1631
1635
1637
1639
1646
1647
1649
1653
1657
1659
1661
1662
1663
1665
1669
1674
1682
1683
1685
1687
1688
1697
1699
1706
1709
1710
1711
1712
1723
1725
1739
1744
1756
1765
1770
1772
1774
1778
1779
1796
1798
1803
1804
1807
1820
1822
1824
1835
1836
1838
1847
1849
1853
1859
1867
1869
1873
1874
1879
1880
1890
1893
1894
1902
1905
1907
1918
1921
1922
1927
1928
1929
1943
1945
1958
1968
1971
1973
1975
1981
1984
1991
1997
1999
